Hs-SERPINA10,2000,1000,T041700-SERPINA10,"p2@SERPINA10"
rank,ID,Fabs,Frel,association_with_transcript,entrezgene_id,hgnc_id,uniprot_id,gene_name,description,type
1,T041700,t185769,2,005.0000,0.998505976096,p2@SERPINA10,51156,15996,Q9UK55,SERPINA10,"serpin family A member 10","gene with protein product"
2,T027249,t041700,1,999.0000,0.998002995507,p5@RDH16,8608,29674,,RDH16,"retinol dehydrogenase 16 (all-trans)","gene with protein product"
3,T041700,t088821,1,999.0000,0.997007481297,p2@SERPINA10,51156,15996,Q9UK55,SERPINA10,"serpin family A member 10","gene with protein product"
4,T041699,t041700,2,000.0000,0.995520159283,p3@SERPINA10,51156,15996,Q9UK55,SERPINA10,"serpin family A member 10","gene with protein product"
5,T027393,t041700,1,994.0000,0.99550673989,p8@INHBC,3626,6068,F8VVQ8,INHBC,"inhibin beta C subunit","gene with protein product"
6,T026418,t041700,1,995.0000,0.993525896414,p9@CSAD,51380,18966,,CSAD,"cysteine sulfinic acid decarboxylase","gene with protein product"
7,T041700,t088809,1,988.0000,0.993006993007,p2@SERPINA10,51156,15996,Q9UK55,SERPINA10,"serpin family A member 10","gene with protein product"
8,T041700,t140783,1,992.0000,0.99203187251,p2@SERPINA10,51156,15996,Q9UK55,SERPINA10,"serpin family A member 10","gene with protein product"
9,T041700,t132708,1,991.0000,0.991533864542,p2@SERPINA10,51156,15996,Q9UK55,SERPINA10,"serpin family A member 10","gene with protein product"
10,T041700,t076967,1,985.0000,0.98903836572,p2@SERPINA10,51156,15996,Q9UK55,SERPINA10,"serpin family A member 10","gene with protein product"
11,T041700,t140911,1,988.0000,0.988071570577,p2@SERPINA10,51156,15996,Q9UK55,SERPINA10,"serpin family A member 10","gene with protein product"
12,T041700,t109619,1,983.0000,0.987058237929,p2@SERPINA10,51156,15996,Q9UK55,SERPINA10,"serpin family A member 10","gene with protein product"
13,T041700,t088822,1,981.0000,0.985082048732,p2@SERPINA10,51156,15996,Q9UK55,SERPINA10,"serpin family A member 10","gene with protein product"
14,T041700,t140784,1,978.0000,0.98407960199,p2@SERPINA10,51156,15996,Q9UK55,SERPINA10,"serpin family A member 10","gene with protein product"
15,T041700,t108466,1,966.0000,0.979083665339,p2@SERPINA10,51156,15996,Q9UK55,SERPINA10,"serpin family A member 10","gene with protein product"
16,T041700,t100542,1,946.0000,0.969123505976,p2@SERPINA10,51156,15996,Q9UK55,SERPINA10,"serpin family A member 10","gene with protein product"
17,T026416,t041700,1,942.0000,0.966169154229,p12@CSAD,51380,18966,,CSAD,"cysteine sulfinic acid decarboxylase","gene with protein product"
18,T009344,t041700,1,939.0000,0.964196916957,p1@ACAT1,38,93,G3XAB4,ACAT1,"acetyl-CoA acetyltransferase 1","gene with protein product"
19,T041700,t075395,1,937.0000,0.96368159204,p2@SERPINA10,51156,15996,Q9UK55,SERPINA10,"serpin family A member 10","gene with protein product"
20,T018417,t041700,1,929.0000,0.962094763092,p4@CHRDL2,25884,24168,,CHRDL2,"chordin like 2","gene with protein product"
21,T041700,t136275,1,925.0000,0.957711442786,p2@SERPINA10,51156,15996,Q9UK55,SERPINA10,"serpin family A member 10","gene with protein product"
22,T041700,t087321,1,921.0000,0.957149975087,p2@SERPINA10,51156,15996,Q9UK55,SERPINA10,"serpin family A member 10","gene with protein product"
23,T041700,t078679,1,918.0000,0.954703832753,p2@SERPINA10,51156,15996,Q9UK55,SERPINA10,"serpin family A member 10","gene with protein product"
24,T041700,t140786,1,913.0000,0.952689243028,p2@SERPINA10,51156,15996,Q9UK55,SERPINA10,"serpin family A member 10","gene with protein product"
25,T027396,t041700,1,913.0000,0.950322901143,p1@INHBC,3626,6068,P55103,INHBC,"inhibin beta C subunit","gene with protein product"
26,T041700,t140921,1,905.0000,0.948232951717,p2@SERPINA10,51156,15996,Q9UK55,SERPINA10,"serpin family A member 10","gene with protein product"
27,T041700,t041740,1,896.0000,0.943753111,p2@SERPINA10,51156,15996,Q9UK55,SERPINA10,"serpin family A member 10","gene with protein product"
28,T041700,t100540,1,885.0000,0.940618762475,p2@SERPINA10,51156,15996,Q9UK55,SERPINA10,"serpin family A member 10","gene with protein product"
29,T041700,t136299,1,885.0000,0.93874501992,p2@SERPINA10,51156,15996,Q9UK55,SERPINA10,"serpin family A member 10","gene with protein product"
30,T041700,t136287,1,886.0000,0.938308457711,p2@SERPINA10,51156,15996,Q9UK55,SERPINA10,"serpin family A member 10","gene with protein product"
31,T041700,t136276,1,863.0000,0.929177057357,p2@SERPINA10,51156,15996,Q9UK55,SERPINA10,"serpin family A member 10","gene with protein product"
32,T041700,t041821,1,863.0000,0.926865671642,p2@SERPINA10,51156,15996,Q9UK55,SERPINA10,"serpin family A member 10","gene with protein product"
33,T041700,t140918,1,864.0000,0.925981122702,p2@SERPINA10,51156,15996,Q9UK55,SERPINA10,"serpin family A member 10","gene with protein product"
34,T002772,t041700,1,855.0000,0.923804780876,p14@CYP2E1,1571,2631,,CYP2E1,"cytochrome P450 family 2 subfamily E member 1","gene with protein product"
35,T002759,t041700,1,851.0000,0.923652694611,p8@CYP2E1,1571,2631,,CYP2E1,"cytochrome P450 family 2 subfamily E member 1","gene with protein product"
36,T041700,t140909,1,855.0000,0.922885572139,p2@SERPINA10,51156,15996,Q9UK55,SERPINA10,"serpin family A member 10","gene with protein product"
37,T034843,t041700,1,854.0000,0.921929388364,p9@MBNL2,10150,16746,,MBNL2,"muscleblind like splicing regulator 2","gene with protein product"
38,T041700,t118098,1,851.0000,0.921353907417,p2@SERPINA10,51156,15996,Q9UK55,SERPINA10,"serpin family A member 10","gene with protein product"
39,T041700,t183768,1,847.0000,0.921197007481,p2@SERPINA10,51156,15996,Q9UK55,SERPINA10,"serpin family A member 10","gene with protein product"
40,T041700,t140875,1,836.0000,0.916625062406,p2@SERPINA10,51156,15996,Q9UK55,SERPINA10,"serpin family A member 10","gene with protein product"
41,T012433,t041700,1,842.0000,0.916417910448,p6@SAA1,6288,10513,P02735,SAA1,"serum amyloid A1","gene with protein product"
42,T041700,t076966,1,840.0000,0.915878546541,p2@SERPINA10,51156,15996,Q9UK55,SERPINA10,"serpin family A member 10","gene with protein product"
43,T012435,t041700,1,837.0000,0.913475882645,p1@SAA1,6288,10513,,SAA1,"serum amyloid A1","gene with protein product"
44,T041700,t041814,1,837.0000,0.913021868787,p2@SERPINA10,51156,15996,Q9UK55,SERPINA10,"serpin family A member 10","gene with protein product"
45,T041700,t084275,1,834.0000,0.912891986063,p2@SERPINA10,51156,15996,Q9UK55,SERPINA10,"serpin family A member 10","gene with protein product"
46,T041700,t048355,1,824.0000,0.910179640719,p2@SERPINA10,51156,15996,Q9UK55,SERPINA10,"serpin family A member 10","gene with protein product"
47,T041700,t097861,1,834.0000,0.91017369727,p2@SERPINA10,51156,15996,Q9UK55,SERPINA10,"serpin family A member 10","gene with protein product"
48,T009345,t041700,1,813.0000,0.90243902439,p2@ACAT1,38,93,E9PRQ6,ACAT1,"acetyl-CoA acetyltransferase 1","gene with protein product"
49,T041700,t183767,1,810.0000,0.900945744151,p2@SERPINA10,51156,15996,Q9UK55,SERPINA10,"serpin family A member 10","gene with protein product"
50,T027394,t041700,1,807.0000,0.899004975124,p2@INHBC,3626,6068,F8VVQ8,INHBC,"inhibin beta C subunit","gene with protein product"
51,T041700,t041807,1,805.0000,0.898456943753,p2@SERPINA10,51156,15996,Q9UK55,SERPINA10,"serpin family A member 10","gene with protein product"
52,T002758,t041700,1,812.0000,0.897473997028,p3@CYP2E1,1571,2631,,CYP2E1,"cytochrome P450 family 2 subfamily E member 1","gene with protein product"
53,T041700,t041832,1,803.0000,0.896568871208,p2@SERPINA10,51156,15996,Q9UK55,SERPINA10,"serpin family A member 10","gene with protein product"
54,T002760,t041700,1,805.0000,0.895337301587,p6@CYP2E1,1571,2631,,CYP2E1,"cytochrome P450 family 2 subfamily E member 1","gene with protein product"
55,T041700,t140920,1,793.0000,0.895157264104,p2@SERPINA10,51156,15996,Q9UK55,SERPINA10,"serpin family A member 10","gene with protein product"
56,T002775,t041700,1,793.0000,0.893373193822,p10@CYP2E1,1571,2631,,CYP2E1,"cytochrome P450 family 2 subfamily E member 1","gene with protein product"
57,T002773,t041700,1,793.0000,0.892483822797,p11@CYP2E1,1571,2631,,CYP2E1,"cytochrome P450 family 2 subfamily E member 1","gene with protein product"
58,T041700,t041815,1,788.0000,0.889552238806,p2@SERPINA10,51156,15996,Q9UK55,SERPINA10,"serpin family A member 10","gene with protein product"
59,T041700,t140790,1,792.0000,0.889330024814,p2@SERPINA10,51156,15996,Q9UK55,SERPINA10,"serpin family A member 10","gene with protein product"
60,T041700,t041701,1,780.0000,0.888666999501,p2@SERPINA10,51156,15996,Q9UK55,SERPINA10,"serpin family A member 10","gene with protein product"
61,T012429,t041700,1,781.0000,0.887394120578,p2@SAA2,6289,10514,"P02735,G3XAK9",SAA2,"serum amyloid A2","gene with protein product"
62,T041700,t100606,1,775.0000,0.885728542914,p2@SERPINA10,51156,15996,Q9UK55,SERPINA10,"serpin family A member 10","gene with protein product"
63,T041700,t140919,1,780.0000,0.885131775236,p2@SERPINA10,51156,15996,Q9UK55,SERPINA10,"serpin family A member 10","gene with protein product"
64,T041700,t088819,1,770.0000,0.882793017456,p2@SERPINA10,51156,15996,Q9UK55,SERPINA10,"serpin family A member 10","gene with protein product"
65,T041700,t162880,1,768.0000,0.881355932203,p2@SERPINA10,51156,15996,Q9UK55,SERPINA10,"serpin family A member 10","gene with protein product"
66,T041700,t140916,1,769.0000,0.880099502488,p2@SERPINA10,51156,15996,Q9UK55,SERPINA10,"serpin family A member 10","gene with protein product"
67,T041700,t118126,1,766.0000,0.879920279023,p2@SERPINA10,51156,15996,Q9UK55,SERPINA10,"serpin family A member 10","gene with protein product"
68,T041700,t095638,1,766.0000,0.879920279023,p2@SERPINA10,51156,15996,Q9UK55,SERPINA10,"serpin family A member 10","gene with protein product"
69,T027398,t041700,1,759.0000,0.877306733167,p5@INHBC,3626,6068,P55103,INHBC,"inhibin beta C subunit","gene with protein product"
70,T002755,t041700,1,742.0000,0.869695456815,p5@CYP2E1,1571,2631,,CYP2E1,"cytochrome P450 family 2 subfamily E member 1","gene with protein product"
71,T041700,t076973,1,745.0000,0.869456900847,p2@SERPINA10,51156,15996,Q9UK55,SERPINA10,"serpin family A member 10","gene with protein product"
72,T002771,t041700,1,744.0000,0.867661691542,p13@CYP2E1,1571,2631,,CYP2E1,"cytochrome P450 family 2 subfamily E member 1","gene with protein product"
73,T027405,t041700,1,736.0000,0.86368159204,p1@INHBE,83729,24029,P58166,INHBE,"inhibin beta E subunit","gene with protein product"
74,T041700,t141588,1,723.0000,0.859351620948,p2@SERPINA10,51156,15996,Q9UK55,SERPINA10,"serpin family A member 10","gene with protein product"
75,T041700,t129949,1,722.0000,0.857569721116,p2@SERPINA10,51156,15996,Q9UK55,SERPINA10,"serpin family A member 10","gene with protein product"
76,T041700,t046959,1,720.0000,0.856573705179,p2@SERPINA10,51156,15996,Q9UK55,SERPINA10,"serpin family A member 10","gene with protein product"
77,T041700,t041739,1,720.0000,0.855721393035,p2@SERPINA10,51156,15996,Q9UK55,SERPINA10,"serpin family A member 10","gene with protein product"
78,T041700,t100539,1,720.0000,0.854870775348,p2@SERPINA10,51156,15996,Q9UK55,SERPINA10,"serpin family A member 10","gene with protein product"
79,T041700,t140883,1,715.0000,0.854509217738,p2@SERPINA10,51156,15996,Q9UK55,SERPINA10,"serpin family A member 10","gene with protein product"
80,T012430,t041700,1,712.0000,0.854291417166,"p1@SAA2-SAA4,p1@SAA2","6289,100528017","10514,39550","G3XAK9,P02735",SAA2,"serum amyloid A2","gene with protein product"
81,T041700,t140789,1,716.0000,0.854156296665,p2@SERPINA10,51156,15996,Q9UK55,SERPINA10,"serpin family A member 10","gene with protein product"
82,T041700,t100543,1,716.0000,0.853731343284,p2@SERPINA10,51156,15996,Q9UK55,SERPINA10,"serpin family A member 10","gene with protein product"
83,T041700,t100541,1,710.0000,0.85201793722,p2@SERPINA10,51156,15996,Q9UK55,SERPINA10,"serpin family A member 10","gene with protein product"
84,T041700,t088820,1,710.0000,0.851169736187,p2@SERPINA10,51156,15996,Q9UK55,SERPINA10,"serpin family A member 10","gene with protein product"
85,T041700,t088823,1,707.0000,0.848409542744,p2@SERPINA10,51156,15996,Q9UK55,SERPINA10,"serpin family A member 10","gene with protein product"
86,T041700,t047799,1,706.0000,0.848334162108,p2@SERPINA10,51156,15996,Q9UK55,SERPINA10,"serpin family A member 10","gene with protein product"
87,T041700,t041725,1,704.0000,0.848183175709,p2@SERPINA10,51156,15996,Q9UK55,SERPINA10,"serpin family A member 10","gene with protein product"
88,T041700,t182757,1,703.0000,0.847263681592,p2@SERPINA10,51156,15996,Q9UK55,SERPINA10,"serpin family A member 10","gene with protein product"
89,T041700,t088807,1,702.0000,0.84718765555,p2@SERPINA10,51156,15996,Q9UK55,SERPINA10,"serpin family A member 10","gene with protein product"
90,T041700,t134826,1,703.0000,0.846842366982,p2@SERPINA10,51156,15996,Q9UK55,SERPINA10,"serpin family A member 10","gene with protein product"
91,T041700,t113918,1,692.0000,0.843049327354,p2@SERPINA10,51156,15996,Q9UK55,SERPINA10,"serpin family A member 10","gene with protein product"
92,T041700,t145253,1,690.0000,0.842472582253,p2@SERPINA10,51156,15996,Q9UK55,SERPINA10,"serpin family A member 10","gene with protein product"
93,T014395,t041700,1,690.0000,0.841633466135,p4@SLC35C1,55343,20197,"B2RDB2,E9PS26,Q96A29",SLC35C1,"solute carrier family 35 member C1","gene with protein product"
94,T014396,t041700,1,689.0000,0.841135458167,p2@SLC35C1,55343,20197,"Q96A29,E9PLS1",SLC35C1,"solute carrier family 35 member C1","gene with protein product"
95,T041700,t132728,1,691.0000,0.840457256461,p2@SERPINA10,51156,15996,Q9UK55,SERPINA10,"serpin family A member 10","gene with protein product"
96,T041700,t041733,1,690.0000,0.840377921432,p2@SERPINA10,51156,15996,Q9UK55,SERPINA10,"serpin family A member 10","gene with protein product"
97,T041700,t041738,1,690.0000,0.839960238569,p2@SERPINA10,51156,15996,Q9UK55,SERPINA10,"serpin family A member 10","gene with protein product"
98,T041700,t062143,1,686.0000,0.839641434263,p2@SERPINA10,51156,15996,Q9UK55,SERPINA10,"serpin family A member 10","gene with protein product"
99,T041700,t132727,1,681.0000,0.834243176179,p2@SERPINA10,51156,15996,Q9UK55,SERPINA10,"serpin family A member 10","gene with protein product"
100,T041700,t140779,1,676.0000,0.833001988072,p2@SERPINA10,51156,15996,Q9UK55,SERPINA10,"serpin family A member 10","gene with protein product"
101,T041700,t136277,1,671.0000,0.831757093081,p2@SERPINA10,51156,15996,Q9UK55,SERPINA10,"serpin family A member 10","gene with protein product"
102,T041700,t162878,1,667.0000,0.831006979063,p2@SERPINA10,51156,15996,Q9UK55,SERPINA10,"serpin family A member 10","gene with protein product"
103,T041700,t052601,1,662.0000,0.828927680798,p2@SERPINA10,51156,15996,Q9UK55,SERPINA10,"serpin family A member 10","gene with protein product"
104,T041700,t041816,1,663.0000,0.828599900349,p2@SERPINA10,51156,15996,Q9UK55,SERPINA10,"serpin family A member 10","gene with protein product"
105,T027812,t041700,1,659.0000,0.827844311377,p4@AVPR1A,552,895,P37288,AVPR1A,"arginine vasopressin receptor 1A","gene with protein product"
106,T041700,t041741,1,663.0000,0.827775012444,p2@SERPINA10,51156,15996,Q9UK55,SERPINA10,"serpin family A member 10","gene with protein product"
107,T009941,t041700,1,660.0000,0.827105132038,p2@NNMT,4837,7861,,NNMT,"nicotinamide N-methyltransferase","gene with protein product"
108,T041700,t084232,1,654.0000,0.824526420738,p2@SERPINA10,51156,15996,Q9UK55,SERPINA10,"serpin family A member 10","gene with protein product"
109,T006988,t041700,1,654.0000,0.824526420738,p3@ITIH2,3698,6167,P19823,ITIH2,"inter-alpha-trypsin inhibitor heavy chain 2","gene with protein product"
110,T041700,t190099,1,651.0000,0.821393034826,p2@SERPINA10,51156,15996,Q9UK55,SERPINA10,"serpin family A member 10","gene with protein product"
111,T041700,t062590,1,653.0000,0.820754716981,p2@SERPINA10,51156,15996,Q9UK55,SERPINA10,"serpin family A member 10","gene with protein product"
112,T027408,t041700,1,648.0000,0.819085487078,p2@INHBE,83729,24029,P58166,INHBE,"inhibin beta E subunit","gene with protein product"
113,T041700,t052597,1,640.0000,0.816733067729,p2@SERPINA10,51156,15996,Q9UK55,SERPINA10,"serpin family A member 10","gene with protein product"
114,T041700,t052599,1,636.0000,0.814741035857,p2@SERPINA10,51156,15996,Q9UK55,SERPINA10,"serpin family A member 10","gene with protein product"
115,T041700,t041809,1,631.0000,0.813466334165,p2@SERPINA10,51156,15996,Q9UK55,SERPINA10,"serpin family A member 10","gene with protein product"
116,T041700,t140814,1,629.0000,0.81246882793,p2@SERPINA10,51156,15996,Q9UK55,SERPINA10,"serpin family A member 10","gene with protein product"
117,T041700,t041825,1,630.0000,0.810542018896,p2@SERPINA10,51156,15996,Q9UK55,SERPINA10,"serpin family A member 10","gene with protein product"
118,T041700,t140908,1,625.0000,0.809262948207,p2@SERPINA10,51156,15996,Q9UK55,SERPINA10,"serpin family A member 10","gene with protein product"
119,T041700,t140868,1,619.0000,0.806274900398,p2@SERPINA10,51156,15996,Q9UK55,SERPINA10,"serpin family A member 10","gene with protein product"
120,T041700,t197642,1,616.0000,0.805181863478,p2@SERPINA10,51156,15996,Q9UK55,SERPINA10,"serpin family A member 10","gene with protein product"
121,T041700,t140811,1,598.0000,0.796213253612,p2@SERPINA10,51156,15996,Q9UK55,SERPINA10,"serpin family A member 10","gene with protein product"
122,T002757,t041700,1,598.0000,0.795816733068,p18@CYP2E1,1571,2631,,CYP2E1,"cytochrome P450 family 2 subfamily E member 1","gene with protein product"
123,T041700,t041833,1,597.0000,0.794922847188,p2@SERPINA10,51156,15996,Q9UK55,SERPINA10,"serpin family A member 10","gene with protein product"
124,T041700,t120403,1,593.0000,0.793326693227,p2@SERPINA10,51156,15996,Q9UK55,SERPINA10,"serpin family A member 10","gene with protein product"
125,T041700,t140851,1,594.0000,0.792246520875,p2@SERPINA10,51156,15996,Q9UK55,SERPINA10,"serpin family A member 10","gene with protein product"
126,T041700,t056578,1,588.0000,0.790836653386,p2@SERPINA10,51156,15996,Q9UK55,SERPINA10,"serpin family A member 10","gene with protein product"
127,T041700,t182753,1,565.0000,0.779770802192,p2@SERPINA10,51156,15996,Q9UK55,SERPINA10,"serpin family A member 10","gene with protein product"
128,T041700,t073136,1,562.0000,0.777114427861,p2@SERPINA10,51156,15996,Q9UK55,SERPINA10,"serpin family A member 10","gene with protein product"
129,T041700,t076974,1,558.0000,0.776283009467,p2@SERPINA10,51156,15996,Q9UK55,SERPINA10,"serpin family A member 10","gene with protein product"
130,T025294,t041700,1,555.0000,0.773631840796,p6@SLC38A4,55089,14679,F8VRD9,SLC38A4,"solute carrier family 38 member 4","gene with protein product"
131,T041700,t140813,1,551.0000,0.772795216741,p2@SERPINA10,51156,15996,Q9UK55,SERPINA10,"serpin family A member 10","gene with protein product"
132,T027248,t041700,1,548.0000,0.77130044843,p4@RDH16,8608,29674,,RDH16,"retinol dehydrogenase 16 (all-trans)","gene with protein product"
133,T041700,t100545,1,546.0000,0.769920318725,p2@SERPINA10,51156,15996,Q9UK55,SERPINA10,"serpin family A member 10","gene with protein product"
134,T012431,t041700,1,540.0000,0.767314399601,"p2@SAA2-SAA4,p3@SAA2","6289,100528017","10514,39550","G3XAK9,P02735",SAA2,"serum amyloid A2","gene with protein product"
135,T041700,t097864,1,534.0000,0.766616691654,p2@SERPINA10,51156,15996,Q9UK55,SERPINA10,"serpin family A member 10","gene with protein product"
136,T041700,t118071,1,534.0000,0.76432486298,p2@SERPINA10,51156,15996,Q9UK55,SERPINA10,"serpin family A member 10","gene with protein product"
137,T041700,t143444,1,537.0000,0.764296369965,p2@SERPINA10,51156,15996,Q9UK55,SERPINA10,"serpin family A member 10","gene with protein product"
138,T041700,t097866,1,531.0000,0.762450199203,p2@SERPINA10,51156,15996,Q9UK55,SERPINA10,"serpin family A member 10","gene with protein product"
139,T027403,t041700,1,531.0000,0.761691542289,p5@INHBE,83729,24029,P58166,INHBE,"inhibin beta E subunit","gene with protein product"
140,T041700,t088810,1,533.0000,0.761171797418,p2@SERPINA10,51156,15996,Q9UK55,SERPINA10,"serpin family A member 10","gene with protein product"
141,T041700,t041735,1,526.0000,0.759581881533,p2@SERPINA10,51156,15996,Q9UK55,SERPINA10,"serpin family A member 10","gene with protein product"
142,T041698,t041700,1,524.0000,0.758964143426,p1@SERPINA10,51156,15996,Q9UK55,SERPINA10,"serpin family A member 10","gene with protein product"
143,T041700,t191470,1,523.0000,0.75884404584,p2@SERPINA10,51156,15996,Q9UK55,SERPINA10,"serpin family A member 10","gene with protein product"
144,T041700,t140917,1,525.0000,0.758706467662,p2@SERPINA10,51156,15996,Q9UK55,SERPINA10,"serpin family A member 10","gene with protein product"
145,T041700,t140781,1,521.0000,0.758603491272,p2@SERPINA10,51156,15996,Q9UK55,SERPINA10,"serpin family A member 10","gene with protein product"
146,T027243,t041700,1,524.0000,0.757831924416,p1@HSD17B6,8630,23316,O14756,HSD17B6,"hydroxysteroid 17-beta dehydrogenase 6","gene with protein product"
147,T041700,t041824,1,517.0000,0.754726368159,p2@SERPINA10,51156,15996,Q9UK55,SERPINA10,"serpin family A member 10","gene with protein product"
148,T041700,t100538,1,502.0000,0.748753738784,p2@SERPINA10,51156,15996,Q9UK55,SERPINA10,"serpin family A member 10","gene with protein product"
149,T041700,t041748,1,505.0000,0.748011928429,p2@SERPINA10,51156,15996,Q9UK55,SERPINA10,"serpin family A member 10","gene with protein product"
150,T041700,t136278,1,499.0000,0.745400298359,p2@SERPINA10,51156,15996,Q9UK55,SERPINA10,"serpin family A member 10","gene with protein product"
151,T041700,t087322,1,483.0000,0.739282153539,p2@SERPINA10,51156,15996,Q9UK55,SERPINA10,"serpin family A member 10","gene with protein product"
152,T041700,t140780,1,483.0000,0.738178198109,p2@SERPINA10,51156,15996,Q9UK55,SERPINA10,"serpin family A member 10","gene with protein product"
153,T041700,t108471,1,482.0000,0.737680438029,p2@SERPINA10,51156,15996,Q9UK55,SERPINA10,"serpin family A member 10","gene with protein product"
154,T041700,t041749,1,475.0000,0.73566084788,p2@SERPINA10,51156,15996,Q9UK55,SERPINA10,"serpin family A member 10","gene with protein product"
155,T041700,t078678,1,478.0000,0.735323383085,p2@SERPINA10,51156,15996,Q9UK55,SERPINA10,"serpin family A member 10","gene with protein product"
156,T041700,t088825,1,475.0000,0.734196117471,p2@SERPINA10,51156,15996,Q9UK55,SERPINA10,"serpin family A member 10","gene with protein product"
157,T041700,t108472,1,473.0000,0.733200597312,p2@SERPINA10,51156,15996,Q9UK55,SERPINA10,"serpin family A member 10","gene with protein product"
158,T034844,t041700,1,471.0000,0.732205077153,p27@MBNL2,10150,16746,,MBNL2,"muscleblind like splicing regulator 2","gene with protein product"
159,T041700,t041752,1,467.0000,0.731670822943,p2@SERPINA10,51156,15996,Q9UK55,SERPINA10,"serpin family A member 10","gene with protein product"
160,T015139,t041700,1,468.0000,0.73143996014,p16@SERPING1,710,1228,,SERPING1,"serpin family G member 1","gene with protein product"
161,T041700,t095359,1,468.0000,0.73143996014,p2@SERPINA10,51156,15996,Q9UK55,SERPINA10,"serpin family A member 10","gene with protein product"
162,T041700,t080412,1,468.0000,0.730348258706,p2@SERPINA10,51156,15996,Q9UK55,SERPINA10,"serpin family A member 10","gene with protein product"
163,T034840,t041700,1,466.0000,0.729716276755,p13@MBNL2,10150,16746,,MBNL2,"muscleblind like splicing regulator 2","gene with protein product"
164,T041700,t041759,1,466.0000,0.729353233831,p2@SERPINA10,51156,15996,Q9UK55,SERPINA10,"serpin family A member 10","gene with protein product"
165,T041700,t041831,1,460.0000,0.728542914172,p2@SERPINA10,51156,15996,Q9UK55,SERPINA10,"serpin family A member 10","gene with protein product"
166,T041700,t053722,1,460.0000,0.727816550349,p2@SERPINA10,51156,15996,Q9UK55,SERPINA10,"serpin family A member 10","gene with protein product"
167,T041700,t076477,1,461.0000,0.727589641434,p2@SERPINA10,51156,15996,Q9UK55,SERPINA10,"serpin family A member 10","gene with protein product"
168,T036300,t041700,1,457.0000,0.727045908184,"p1@ANG,p1@RNASE4","6038,283","10047,483",P34096,RNASE4,"ribonuclease A family member 4","gene with protein product"
169,T041700,t143942,1,457.0000,0.726321036889,p2@SERPINA10,51156,15996,Q9UK55,SERPINA10,"serpin family A member 10","gene with protein product"
170,T041700,t081210,1,455.0000,0.726047904192,p2@SERPINA10,51156,15996,Q9UK55,SERPINA10,"serpin family A member 10","gene with protein product"
171,T041700,t080413,1,454.0000,0.723383084577,p2@SERPINA10,51156,15996,Q9UK55,SERPINA10,"serpin family A member 10","gene with protein product"
172,T041700,t041746,1,455.0000,0.722801788376,p2@SERPINA10,51156,15996,Q9UK55,SERPINA10,"serpin family A member 10","gene with protein product"
173,T041700,t099058,1,451.0000,0.72224987556,p2@SERPINA10,51156,15996,Q9UK55,SERPINA10,"serpin family A member 10","gene with protein product"
174,T041700,t117129,1,444.0000,0.719481813652,p2@SERPINA10,51156,15996,Q9UK55,SERPINA10,"serpin family A member 10","gene with protein product"
175,T041700,t073135,1,433.0000,0.71542685971,p2@SERPINA10,51156,15996,Q9UK55,SERPINA10,"serpin family A member 10","gene with protein product"
176,T041700,t076248,1,431.0000,0.713715710723,p2@SERPINA10,51156,15996,Q9UK55,SERPINA10,"serpin family A member 10","gene with protein product"
177,T041700,t041827,1,429.0000,0.712007972098,p2@SERPINA10,51156,15996,Q9UK55,SERPINA10,"serpin family A member 10","gene with protein product"
178,T041700,t132729,1,428.0000,0.711509715994,p2@SERPINA10,51156,15996,Q9UK55,SERPINA10,"serpin family A member 10","gene with protein product"
179,T041700,t182755,1,426.0000,0.709805873569,p2@SERPINA10,51156,15996,Q9UK55,SERPINA10,"serpin family A member 10","gene with protein product"
180,T041700,t120404,1,425.0000,0.708955223881,p2@SERPINA10,51156,15996,Q9UK55,SERPINA10,"serpin family A member 10","gene with protein product"
181,T041700,t056572,1,415.0000,0.706793206793,p2@SERPINA10,51156,15996,Q9UK55,SERPINA10,"serpin family A member 10","gene with protein product"
182,T027244,t041700,1,413.0000,0.704386839482,p2@HSD17B6,8630,23316,O14756,HSD17B6,"hydroxysteroid 17-beta dehydrogenase 6","gene with protein product"
183,T041700,t074456,1,409.0000,0.702743142145,p2@SERPINA10,51156,15996,Q9UK55,SERPINA10,"serpin family A member 10","gene with protein product"
184,T041700,t041745,1,408.0000,0.701544593921,p2@SERPINA10,51156,15996,Q9UK55,SERPINA10,"serpin family A member 10","gene with protein product"
185,T041700,t052600,1,407.0000,0.7,p2@SERPINA10,51156,15996,Q9UK55,SERPINA10,"serpin family A member 10","gene with protein product"
186,T041700,t154115,1,398.0000,0.696909272183,p2@SERPINA10,51156,15996,Q9UK55,SERPINA10,"serpin family A member 10","gene with protein product"
187,T041700,t120405,1,394.0000,0.694915254237,p2@SERPINA10,51156,15996,Q9UK55,SERPINA10,"serpin family A member 10","gene with protein product"
188,T041700,t046960,1,390.0000,0.691886510702,p2@SERPINA10,51156,15996,Q9UK55,SERPINA10,"serpin family A member 10","gene with protein product"
189,T041700,t167129,1,383.0000,0.689431704885,p2@SERPINA10,51156,15996,Q9UK55,SERPINA10,"serpin family A member 10","gene with protein product"
190,T026417,t041700,1,383.0000,0.688402190144,p20@CSAD,51380,18966,,CSAD,"cysteine sulfinic acid decarboxylase","gene with protein product"
191,T028890,t041700,1,371.0000,0.683790523691,p3@C1S,716,1247,,C1S,"complement C1s","gene with protein product"
192,T015072,t041700,1,367.0000,0.682135728543,p20@SLC43A3,29015,17466,E9PLP1,SLC43A3,"solute carrier family 43 member 3","gene with protein product"
193,T027395,t041700,1,371.0000,0.682089552239,p6@INHBC,3626,6068,F8VVQ8,INHBC,"inhibin beta C subunit","gene with protein product"
194,T041700,t128856,1,361.0000,0.67812655705,p2@SERPINA10,51156,15996,Q9UK55,SERPINA10,"serpin family A member 10","gene with protein product"
195,T041700,t140913,1,359.0000,0.676119402985,p2@SERPINA10,51156,15996,Q9UK55,SERPINA10,"serpin family A member 10","gene with protein product"
196,T041700,t041818,1,361.0000,0.67610531545,p2@SERPINA10,51156,15996,Q9UK55,SERPINA10,"serpin family A member 10","gene with protein product"
197,T041700,t164264,1,357.0000,0.675796812749,p2@SERPINA10,51156,15996,Q9UK55,SERPINA10,"serpin family A member 10","gene with protein product"
198,T041700,t041721,1,347.0000,0.671150971599,p2@SERPINA10,51156,15996,Q9UK55,SERPINA10,"serpin family A member 10","gene with protein product"
199,T041700,t089806,1,349.0000,0.669146825397,p2@SERPINA10,51156,15996,Q9UK55,SERPINA10,"serpin family A member 10","gene with protein product"
200,T006989,t041700,1,339.0000,0.667497507478,p7@ITIH2,3698,6167,P19823,ITIH2,"inter-alpha-trypsin inhibitor heavy chain 2","gene with protein product"
201,T015143,t041700,1,338.0000,0.666666666667,p15@SERPING1,710,1228,,SERPING1,"serpin family G member 1","gene with protein product"
202,T041700,t140907,1,336.0000,0.666334164589,p2@SERPINA10,51156,15996,Q9UK55,SERPINA10,"serpin family A member 10","gene with protein product"
203,T041700,t044600,1,339.0000,0.666169154229,p2@SERPINA10,51156,15996,Q9UK55,SERPINA10,"serpin family A member 10","gene with protein product"
204,T041700,t191469,1,330.0000,0.664335664336,p2@SERPINA10,51156,15996,Q9UK55,SERPINA10,"serpin family A member 10","gene with protein product"
205,T041700,t056565,1,335.0000,0.663848831427,p2@SERPINA10,51156,15996,Q9UK55,SERPINA10,"serpin family A member 10","gene with protein product"
206,T041700,t041760,1,331.0000,0.663840399002,p2@SERPINA10,51156,15996,Q9UK55,SERPINA10,"serpin family A member 10","gene with protein product"
207,T041700,t041724,1,330.0000,0.662680617838,p2@SERPINA10,51156,15996,Q9UK55,SERPINA10,"serpin family A member 10","gene with protein product"
208,T041700,t087317,1,324.0000,0.657724788872,p2@SERPINA10,51156,15996,Q9UK55,SERPINA10,"serpin family A member 10","gene with protein product"
209,T041700,t076959,1,318.0000,0.656047784968,p2@SERPINA10,51156,15996,Q9UK55,SERPINA10,"serpin family A member 10","gene with protein product"
210,T041700,t053727,1,309.0000,0.650919940328,p2@SERPINA10,51156,15996,Q9UK55,SERPINA10,"serpin family A member 10","gene with protein product"
211,T041700,t188767,1,305.0000,0.650548354935,p2@SERPINA10,51156,15996,Q9UK55,SERPINA10,"serpin family A member 10","gene with protein product"
212,T041700,t132735,1,305.0000,0.649900398406,p2@SERPINA10,51156,15996,Q9UK55,SERPINA10,"serpin family A member 10","gene with protein product"
213,T041700,t041723,1,304.0000,0.648111332008,p2@SERPINA10,51156,15996,Q9UK55,SERPINA10,"serpin family A member 10","gene with protein product"
214,T041700,t118131,1,302.0000,0.648083623693,p2@SERPINA10,51156,15996,Q9UK55,SERPINA10,"serpin family A member 10","gene with protein product"
215,T041700,t153785,1,299.0000,0.647557328016,p2@SERPINA10,51156,15996,Q9UK55,SERPINA10,"serpin family A member 10","gene with protein product"
216,T017440,t041700,1,298.0000,0.644168734491,p9@PC,5091,8636,P11498,PC,"pyruvate carboxylase","gene with protein product"
217,T041700,t041751,1,291.0000,0.643248629796,p2@SERPINA10,51156,15996,Q9UK55,SERPINA10,"serpin family A member 10","gene with protein product"
218,T041700,t056569,1,292.0000,0.64246643461,p2@SERPINA10,51156,15996,Q9UK55,SERPINA10,"serpin family A member 10","gene with protein product"
219,T041700,t085829,1,283.0000,0.639900249377,p2@SERPINA10,51156,15996,Q9UK55,SERPINA10,"serpin family A member 10","gene with protein product"
220,T041700,t111338,1,281.0000,0.638266068759,p2@SERPINA10,51156,15996,Q9UK55,SERPINA10,"serpin family A member 10","gene with protein product"
221,T041700,t041811,1,277.0000,0.636273044345,p2@SERPINA10,51156,15996,Q9UK55,SERPINA10,"serpin family A member 10","gene with protein product"
222,T041700,t056582,1,270.0000,0.632785251619,p2@SERPINA10,51156,15996,Q9UK55,SERPINA10,"serpin family A member 10","gene with protein product"
223,T041700,t088824,1,269.0000,0.631657541065,p2@SERPINA10,51156,15996,Q9UK55,SERPINA10,"serpin family A member 10","gene with protein product"
224,T041700,t056567,1,262.0000,0.629426433915,p2@SERPINA10,51156,15996,Q9UK55,SERPINA10,"serpin family A member 10","gene with protein product"
225,T041700,t050162,1,259.0000,0.627930174564,p2@SERPINA10,51156,15996,Q9UK55,SERPINA10,"serpin family A member 10","gene with protein product"
226,T041700,t083779,1,258.0000,0.627431421446,p2@SERPINA10,51156,15996,Q9UK55,SERPINA10,"serpin family A member 10","gene with protein product"
227,T041700,t132427,1,255.0000,0.625935162095,p2@SERPINA10,51156,15996,Q9UK55,SERPINA10,"serpin family A member 10","gene with protein product"
228,T041700,t041828,1,260.0000,0.625620655412,p2@SERPINA10,51156,15996,Q9UK55,SERPINA10,"serpin family A member 10","gene with protein product"
229,T041700,t164278,1,257.0000,0.62506215813,p2@SERPINA10,51156,15996,Q9UK55,SERPINA10,"serpin family A member 10","gene with protein product"
230,T041700,t144935,1,254.0000,0.624501992032,p2@SERPINA10,51156,15996,Q9UK55,SERPINA10,"serpin family A member 10","gene with protein product"
231,T041700,t084272,1,250.0000,0.623130608175,p2@SERPINA10,51156,15996,Q9UK55,SERPINA10,"serpin family A member 10","gene with protein product"
232,T041700,t129257,1,253.0000,0.621219633118,p2@SERPINA10,51156,15996,Q9UK55,SERPINA10,"serpin family A member 10","gene with protein product"
233,T041700,t140787,1,244.0000,0.620139581256,p2@SERPINA10,51156,15996,Q9UK55,SERPINA10,"serpin family A member 10","gene with protein product"
234,T041700,t140785,1,240.0000,0.618453865337,p2@SERPINA10,51156,15996,Q9UK55,SERPINA10,"serpin family A member 10","gene with protein product"
235,T002753,t041700,1,242.0000,0.617603182496,p1@CYP2E1,1571,2631,"P05181,Q59EW1,Q4LBD0",CYP2E1,"cytochrome P450 family 2 subfamily E member 1","gene with protein product"
236,T041700,t041766,1,233.0000,0.613738178198,p2@SERPINA10,51156,15996,Q9UK55,SERPINA10,"serpin family A member 10","gene with protein product"
237,T041700,t153992,1,224.0000,0.610169491525,p2@SERPINA10,51156,15996,Q9UK55,SERPINA10,"serpin family A member 10","gene with protein product"
238,T041700,t172585,1,225.0000,0.608544461003,p2@SERPINA10,51156,15996,Q9UK55,SERPINA10,"serpin family A member 10","gene with protein product"
239,T041700,t172587,1,223.0000,0.607550919026,p2@SERPINA10,51156,15996,Q9UK55,SERPINA10,"serpin family A member 10","gene with protein product"
240,T041700,t084268,1,207.0000,0.601694915254,p2@SERPINA10,51156,15996,Q9UK55,SERPINA10,"serpin family A member 10","gene with protein product"
241,T028969,t041700,1,209.0000,0.601193436101,p7@C1R,,1246,"F5GZR1,F5H1N6",C1R,"complement C1r","gene with protein product"
242,T041700,t108470,1,207.0000,0.599900596421,p2@SERPINA10,51156,15996,Q9UK55,SERPINA10,"serpin family A member 10","gene with protein product"
243,T041700,t050164,1,204.0000,0.599303135889,p2@SERPINA10,51156,15996,Q9UK55,SERPINA10,"serpin family A member 10","gene with protein product"
244,T041700,t095635,1,193.0000,0.594123505976,p2@SERPINA10,51156,15996,Q9UK55,SERPINA10,"serpin family A member 10","gene with protein product"
245,T041700,t041826,1,192.0000,0.593625498008,p2@SERPINA10,51156,15996,Q9UK55,SERPINA10,"serpin family A member 10","gene with protein product"
246,T027242,t041700,1,192.0000,0.592739930383,p5@HSD17B6,8630,23316,O14756,HSD17B6,"hydroxysteroid 17-beta dehydrogenase 6","gene with protein product"
247,T041700,t140782,1,187.0000,0.589081885856,p2@SERPINA10,51156,15996,Q9UK55,SERPINA10,"serpin family A member 10","gene with protein product"
248,T041700,t041737,1,182.0000,0.588938714499,p2@SERPINA10,51156,15996,Q9UK55,SERPINA10,"serpin family A member 10","gene with protein product"
249,T002754,t041700,1,180.0000,0.587356893977,p7@CYP2E1,1571,2631,,CYP2E1,"cytochrome P450 family 2 subfamily E member 1","gene with protein product"
250,T041700,t111972,1,167.0000,0.580308304326,p2@SERPINA10,51156,15996,Q9UK55,SERPINA10,"serpin family A member 10","gene with protein product"
251,T041700,t052598,1,156.0000,0.575410652066,p2@SERPINA10,51156,15996,Q9UK55,SERPINA10,"serpin family A member 10","gene with protein product"
252,T041700,t164274,1,152.0000,0.574277168495,p2@SERPINA10,51156,15996,Q9UK55,SERPINA10,"serpin family A member 10","gene with protein product"
253,T041700,t058933,1,146.0000,0.570717131474,p2@SERPINA10,51156,15996,Q9UK55,SERPINA10,"serpin family A member 10","gene with protein product"
254,T041700,t052236,1,141.0000,0.567944250871,p2@SERPINA10,51156,15996,Q9UK55,SERPINA10,"serpin family A member 10","gene with protein product"
255,T041700,t041761,1,143.0000,0.56780923994,p2@SERPINA10,51156,15996,Q9UK55,SERPINA10,"serpin family A member 10","gene with protein product"
256,T041700,t118083,1,138.0000,0.566733067729,p2@SERPINA10,51156,15996,Q9UK55,SERPINA10,"serpin family A member 10","gene with protein product"
257,T041700,t132922,1,137.0000,0.566517189836,p2@SERPINA10,51156,15996,Q9UK55,SERPINA10,"serpin family A member 10","gene with protein product"
258,T041700,t055825,1,139.0000,0.565822155986,p2@SERPINA10,51156,15996,Q9UK55,SERPINA10,"serpin family A member 10","gene with protein product"
259,T041700,t164275,1,131.0000,0.562966650075,p2@SERPINA10,51156,15996,Q9UK55,SERPINA10,"serpin family A member 10","gene with protein product"
260,T041700,t120672,1,132.0000,0.562344759066,p2@SERPINA10,51156,15996,Q9UK55,SERPINA10,"serpin family A member 10","gene with protein product"
261,T041700,t172592,1,129.0000,0.561971129915,p2@SERPINA10,51156,15996,Q9UK55,SERPINA10,"serpin family A member 10","gene with protein product"
262,T041700,t153717,1,126.0000,0.561036372696,p2@SERPINA10,51156,15996,Q9UK55,SERPINA10,"serpin family A member 10","gene with protein product"
263,T041700,t047324,1,125.0000,0.560817547358,p2@SERPINA10,51156,15996,Q9UK55,SERPINA10,"serpin family A member 10","gene with protein product"
264,T033371,t041700,1,122.0000,0.56043956044,p1@CPB2,1361,2300,Q96IY4,CPB2,"carboxypeptidase B2","gene with protein product"
265,T041700,t104815,1,122.0000,0.559322033898,p2@SERPINA10,51156,15996,Q9UK55,SERPINA10,"serpin family A member 10","gene with protein product"
266,T041700,t041820,1,119.0000,0.558104738155,p2@SERPINA10,51156,15996,Q9UK55,SERPINA10,"serpin family A member 10","gene with protein product"
267,T041700,t088806,1,122.0000,0.55737704918,p2@SERPINA10,51156,15996,Q9UK55,SERPINA10,"serpin family A member 10","gene with protein product"
268,T041700,t078996,1,120.0000,0.55693684734,p2@SERPINA10,51156,15996,Q9UK55,SERPINA10,"serpin family A member 10","gene with protein product"
269,T041700,t041829,1,120.0000,0.556660039761,p2@SERPINA10,51156,15996,Q9UK55,SERPINA10,"serpin family A member 10","gene with protein product"
270,T041700,t053728,1,112.0000,0.552409339295,p2@SERPINA10,51156,15996,Q9UK55,SERPINA10,"serpin family A member 10","gene with protein product"
271,T041700,t041728,1,104.0000,0.549527127924,p2@SERPINA10,51156,15996,Q9UK55,SERPINA10,"serpin family A member 10","gene with protein product"
272,T041700,t041758,1,096.0000,0.545273631841,p2@SERPINA10,51156,15996,Q9UK55,SERPINA10,"serpin family A member 10","gene with protein product"
273,T041700,t153784,1,077.0000,0.536354581673,p2@SERPINA10,51156,15996,Q9UK55,SERPINA10,"serpin family A member 10","gene with protein product"
274,T027407,t041700,1,080.0000,0.535980148883,p4@INHBE,83729,24029,P58166,INHBE,"inhibin beta E subunit","gene with protein product"
275,T041700,t136298,1,073.0000,0.534628799203,p2@SERPINA10,51156,15996,Q9UK55,SERPINA10,"serpin family A member 10","gene with protein product"
276,T041700,t084356,1,073.0000,0.533830845771,p2@SERPINA10,51156,15996,Q9UK55,SERPINA10,"serpin family A member 10","gene with protein product"
277,T041700,t188764,1,064.0000,0.530408773679,p2@SERPINA10,51156,15996,Q9UK55,SERPINA10,"serpin family A member 10","gene with protein product"
278,T041700,t044598,1,060.0000,0.52736318408,p2@SERPINA10,51156,15996,Q9UK55,SERPINA10,"serpin family A member 10","gene with protein product"
279,T012998,t041700,1,054.0000,0.524639123942,p4@INS-IGF2,723961,33527,,INS-IGF2,"INS-IGF2 readthrough",readthrough
280,T041700,t078995,1,053.0000,0.524402390438,p2@SERPINA10,51156,15996,Q9UK55,SERPINA10,"serpin family A member 10","gene with protein product"
281,T015144,t041700,1,048.0000,0.521652563464,p14@SERPING1,710,1228,,SERPING1,"serpin family G member 1","gene with protein product"
282,T041700,t114252,1,044.0000,0.520698254364,p2@SERPINA10,51156,15996,Q9UK55,SERPINA10,"serpin family A member 10","gene with protein product"
283,T009810,t041700,1,044.0000,0.520438683948,p2@PTS,5805,9689,Q03393,PTS,"6-pyruvoyltetrahydropterin synthase","gene with protein product"
284,T041700,t140852,1,043.0000,0.520199501247,p2@SERPINA10,51156,15996,Q9UK55,SERPINA10,"serpin family A member 10","gene with protein product"
285,T041700,t164268,1,040.0000,0.519221168248,p2@SERPINA10,51156,15996,Q9UK55,SERPINA10,"serpin family A member 10","gene with protein product"
286,T041700,t152853,1,043.0000,0.519163763066,p2@SERPINA10,51156,15996,Q9UK55,SERPINA10,"serpin family A member 10","gene with protein product"
287,T027397,t041700,1,035.0000,0.514925373134,p3@INHBC,3626,6068,P55103,INHBC,"inhibin beta C subunit","gene with protein product"
288,T016603,t041700,1,027.0000,0.511199601792,p2@HPX,3263,5171,,HPX,hemopexin,"gene with protein product"
289,T041700,t074455,1,025.0000,0.510712506228,p2@SERPINA10,51156,15996,Q9UK55,SERPINA10,"serpin family A member 10","gene with protein product"
290,T041700,t159340,1,021.0000,0.509226932668,p2@SERPINA10,51156,15996,Q9UK55,SERPINA10,"serpin family A member 10","gene with protein product"
291,T015095,t041700,1,012.0000,0.504235176881,p2@RTN4RL2,349667,23053,Q86UN3,RTN4RL2,"reticulon 4 receptor-like 2","gene with protein product"
292,T041700,t078994,1,014.0000,0.504226752859,p2@SERPINA10,51156,15996,Q9UK55,SERPINA10,"serpin family A member 10","gene with protein product"
293,T041700,t041757,1,014.0000,0.503976143141,p2@SERPINA10,51156,15996,Q9UK55,SERPINA10,"serpin family A member 10","gene with protein product"
294,T041700,t164282,999.0000,0.49825436409,p2@SERPINA10,51156,15996,Q9UK55,SERPINA10,"serpin family A member 10","gene with protein product"
295,T041700,t153994,1,000.0000,0.497512437811,p2@SERPINA10,51156,15996,Q9UK55,SERPINA10,"serpin family A member 10","gene with protein product"
296,T041700,t095941,989.0000,0.493512974052,p2@SERPINA10,51156,15996,Q9UK55,SERPINA10,"serpin family A member 10","gene with protein product"
297,T041700,t185780,984.0000,0.490528414756,p2@SERPINA10,51156,15996,Q9UK55,SERPINA10,"serpin family A member 10","gene with protein product"
298,T010094,t041700,985.0000,0.489319423746,p2@APOA1,335,600,P02647,APOA1,"apolipoprotein A1","gene with protein product"
299,T017439,t041700,977.0000,0.487281795511,p3@PC,5091,8636,P11498,PC,"pyruvate carboxylase","gene with protein product"
300,T041700,t041732,978.0000,0.486325211338,p2@SERPINA10,51156,15996,Q9UK55,SERPINA10,"serpin family A member 10","gene with protein product"
301,T041700,t075396,974.0000,0.486270594109,p2@SERPINA10,51156,15996,Q9UK55,SERPINA10,"serpin family A member 10","gene with protein product"
302,T041700,t058798,974.0000,0.485059760956,p2@SERPINA10,51156,15996,Q9UK55,SERPINA10,"serpin family A member 10","gene with protein product"
303,T041700,t140870,973.0000,0.483838886126,p2@SERPINA10,51156,15996,Q9UK55,SERPINA10,"serpin family A member 10","gene with protein product"
304,T041700,t172593,973.0000,0.483838886126,p2@SERPINA10,51156,15996,Q9UK55,SERPINA10,"serpin family A member 10","gene with protein product"
305,T041700,t100617,973.0000,0.482160555005,p2@SERPINA10,51156,15996,Q9UK55,SERPINA10,"serpin family A member 10","gene with protein product"
306,T041700,t148675,964.0000,0.480558325025,p2@SERPINA10,51156,15996,Q9UK55,SERPINA10,"serpin family A member 10","gene with protein product"
307,T041700,t097865,957.0000,0.476356396217,p2@SERPINA10,51156,15996,Q9UK55,SERPINA10,"serpin family A member 10","gene with protein product"
308,T041700,t088811,955.0000,0.476309226933,p2@SERPINA10,51156,15996,Q9UK55,SERPINA10,"serpin family A member 10","gene with protein product"
309,T041700,t087310,951.0000,0.473605577689,p2@SERPINA10,51156,15996,Q9UK55,SERPINA10,"serpin family A member 10","gene with protein product"
310,T041700,t153522,949.0000,0.47237431558,p2@SERPINA10,51156,15996,Q9UK55,SERPINA10,"serpin family A member 10","gene with protein product"
311,T015094,t041700,945.0000,0.470383275261,p1@RTN4RL2,349667,23053,Q86UN3,RTN4RL2,"reticulon 4 receptor-like 2","gene with protein product"
312,T041700,t145319,943.0000,0.470324189526,p2@SERPINA10,51156,15996,Q9UK55,SERPINA10,"serpin family A member 10","gene with protein product"
313,T041700,t140873,942.0000,0.468656716418,p2@SERPINA10,51156,15996,Q9UK55,SERPINA10,"serpin family A member 10","gene with protein product"
314,T015142,t041700,935.0000,0.466101694915,p21@SERPING1,710,1228,,SERPING1,"serpin family G member 1","gene with protein product"
315,T041700,t128855,936.0000,0.465671641791,p2@SERPINA10,51156,15996,Q9UK55,SERPINA10,"serpin family A member 10","gene with protein product"
316,T041700,t132653,933.0000,0.465104685942,p2@SERPINA10,51156,15996,Q9UK55,SERPINA10,"serpin family A member 10","gene with protein product"
317,T041700,t062731,934.0000,0.46421471173,p2@SERPINA10,51156,15996,Q9UK55,SERPINA10,"serpin family A member 10","gene with protein product"
318,T041700,t146633,926.0000,0.462075848303,p2@SERPINA10,51156,15996,Q9UK55,SERPINA10,"serpin family A member 10","gene with protein product"
319,T039617,t041700,928.0000,0.461921353907,p3@GPX2,2877,4554,P18283,GPX2,"glutathione peroxidase 2","gene with protein product"
320,T041700,t153814,924.0000,0.460847880299,p2@SERPINA10,51156,15996,Q9UK55,SERPINA10,"serpin family A member 10","gene with protein product"
321,T041700,t041813,910.0000,0.453187250996,p2@SERPINA10,51156,15996,Q9UK55,SERPINA10,"serpin family A member 10","gene with protein product"
322,T014397,t041700,902.0000,0.449651046859,p7@SLC35C1,55343,20197,Q96A29,SLC35C1,"solute carrier family 35 member C1","gene with protein product"
323,T041700,t121029,901.0000,0.449152542373,p2@SERPINA10,51156,15996,Q9UK55,SERPINA10,"serpin family A member 10","gene with protein product"
324,T041700,t079010,898.0000,0.447880299252,p2@SERPINA10,51156,15996,Q9UK55,SERPINA10,"serpin family A member 10","gene with protein product"
325,T041700,t182754,898.0000,0.447211155378,p2@SERPINA10,51156,15996,Q9UK55,SERPINA10,"serpin family A member 10","gene with protein product"
326,T041700,t136294,895.0000,0.445052212829,p2@SERPINA10,51156,15996,Q9UK55,SERPINA10,"serpin family A member 10","gene with protein product"
327,T041700,t166008,892.0000,0.444887780549,p2@SERPINA10,51156,15996,Q9UK55,SERPINA10,"serpin family A member 10","gene with protein product"
328,T027392,t041700,885.0000,0.440737051793,p9@INHBC,3626,6068,F8VVQ8,INHBC,"inhibin beta C subunit","gene with protein product"
329,T041700,t056574,878.0000,0.436164927968,p2@SERPINA10,51156,15996,Q9UK55,SERPINA10,"serpin family A member 10","gene with protein product"
330,T031588,t041700,876.0000,0.436037829766,p1@F7,2155,3544,"P08709,F5H8B0",F7,"coagulation factor VII","gene with protein product"
331,T014583,t041700,874.0000,0.435258964143,p1@F2,2147,3535,E9PIT3,F2,"coagulation factor II, thrombin","gene with protein product"
332,T041700,t041743,873.0000,0.4341123819,p2@SERPINA10,51156,15996,Q9UK55,SERPINA10,"serpin family A member 10","gene with protein product"
333,T041700,t063720,871.0000,0.433549029368,p2@SERPINA10,51156,15996,Q9UK55,SERPINA10,"serpin family A member 10","gene with protein product"
334,T041700,t118066,859.0000,0.429285357321,p2@SERPINA10,51156,15996,Q9UK55,SERPINA10,"serpin family A member 10","gene with protein product"
335,T041700,t086132,861.0000,0.428784860558,p2@SERPINA10,51156,15996,Q9UK55,SERPINA10,"serpin family A member 10","gene with protein product"
336,T016608,t041700,860.0000,0.42764793635,p11@HPX,3263,5171,"Q9BS19,P02790",HPX,hemopexin,"gene with protein product"
337,T041700,t087308,853.0000,0.425648702595,p2@SERPINA10,51156,15996,Q9UK55,SERPINA10,"serpin family A member 10","gene with protein product"
338,T041700,t118060,849.0000,0.423230309073,p2@SERPINA10,51156,15996,Q9UK55,SERPINA10,"serpin family A member 10","gene with protein product"
339,T028891,t041700,846.0000,0.421945137157,p12@C1S,716,1247,,C1S,"complement C1s","gene with protein product"
340,T027399,t041700,844.0000,0.42073778664,p4@INHBC,3626,6068,P55103,INHBC,"inhibin beta C subunit","gene with protein product"
341,T000539,t041700,845.0000,0.42039800995,p3@CYP17A1,1586,2593,,CYP17A1,"cytochrome P450 family 17 subfamily A member 1","gene with protein product"
342,T016606,t041700,845.0000,0.420188960716,p1@HPX,3263,5171,,HPX,hemopexin,"gene with protein product"
343,T041700,t044749,843.0000,0.420029895366,p2@SERPINA10,51156,15996,Q9UK55,SERPINA10,"serpin family A member 10","gene with protein product"
344,T041700,t052580,833.0000,0.41504733433,p2@SERPINA10,51156,15996,Q9UK55,SERPINA10,"serpin family A member 10","gene with protein product"
345,T041700,t088808,823.0000,0.410269192423,p2@SERPINA10,51156,15996,Q9UK55,SERPINA10,"serpin family A member 10","gene with protein product"
346,T041700,t172606,807.0000,0.402493765586,p2@SERPINA10,51156,15996,Q9UK55,SERPINA10,"serpin family A member 10","gene with protein product"
347,T001254,t041700,806.0000,0.401594419532,p2@HABP2,3026,4798,Q14520,HABP2,"hyaluronan binding protein 2","gene with protein product"
348,T041700,t162879,805.0000,0.401096163428,p2@SERPINA10,51156,15996,Q9UK55,SERPINA10,"serpin family A member 10","gene with protein product"
349,T015073,t041700,793.0000,0.395314057827,p19@SLC43A3,29015,17466,,SLC43A3,"solute carrier family 43 member 3","gene with protein product"
350,T023864,t041700,791.0000,0.394120577977,p2@SLCO1B1,10599,10959,"Q05CV5,Q9Y6L6",SLCO1B1,"solute carrier organic anion transporter family member 1B1","gene with protein product"
351,T041700,t164273,791.0000,0.393924302789,p2@SERPINA10,51156,15996,Q9UK55,SERPINA10,"serpin family A member 10","gene with protein product"
352,T041700,t150565,789.0000,0.39371257485,p2@SERPINA10,51156,15996,Q9UK55,SERPINA10,"serpin family A member 10","gene with protein product"
353,T013000,t041700,787.0000,0.392323030907,p2@INS-IGF2,723961,33527,,INS-IGF2,"INS-IGF2 readthrough",readthrough
354,T015141,t041700,769.0000,0.383158943697,p19@SERPING1,710,1228,,SERPING1,"serpin family G member 1","gene with protein product"
355,T016210,t041700,769.0000,0.382777501244,p4@PLA2G16,11145,17825,P53816,PLA2G16,"phospholipase A2 group XVI","gene with protein product"
356,T027404,t041700,767.0000,0.382352941176,p8@INHBE,83729,24029,P58166,INHBE,"inhibin beta E subunit","gene with protein product"
357,T041700,t153151,759.0000,0.37874251497,p2@SERPINA10,51156,15996,Q9UK55,SERPINA10,"serpin family A member 10","gene with protein product"
358,T041700,t095636,753.0000,0.375186846039,p2@SERPINA10,51156,15996,Q9UK55,SERPINA10,"serpin family A member 10","gene with protein product"
359,T041700,t153786,754.0000,0.374751491054,p2@SERPINA10,51156,15996,Q9UK55,SERPINA10,"serpin family A member 10","gene with protein product"
360,T015135,t041700,754.0000,0.374751491054,p12@SERPING1,710,1228,P05155,SERPING1,"serpin family G member 1","gene with protein product"
361,T016611,t041700,751.0000,0.374190333832,p12@HPX,3263,5171,P02790,HPX,hemopexin,"gene with protein product"
362,T041700,t062525,748.0000,0.372509960159,p2@SERPINA10,51156,15996,Q9UK55,SERPINA10,"serpin family A member 10","gene with protein product"
363,T041700,t090424,746.0000,0.371144278607,p2@SERPINA10,51156,15996,Q9UK55,SERPINA10,"serpin family A member 10","gene with protein product"
364,T041700,t055833,743.0000,0.370204285002,p2@SERPINA10,51156,15996,Q9UK55,SERPINA10,"serpin family A member 10","gene with protein product"
365,T041700,t053726,743.0000,0.369835739174,p2@SERPINA10,51156,15996,Q9UK55,SERPINA10,"serpin family A member 10","gene with protein product"
366,T041700,t136301,739.0000,0.366749379653,p2@SERPINA10,51156,15996,Q9UK55,SERPINA10,"serpin family A member 10","gene with protein product"
367,T041700,t063931,736.0000,0.366533864542,p2@SERPINA10,51156,15996,Q9UK55,SERPINA10,"serpin family A member 10","gene with protein product"
368,T041700,t188765,736.0000,0.365987071109,p2@SERPINA10,51156,15996,Q9UK55,SERPINA10,"serpin family A member 10","gene with protein product"
369,T041700,t062254,734.0000,0.36571998007,p2@SERPINA10,51156,15996,Q9UK55,SERPINA10,"serpin family A member 10","gene with protein product"
370,T041700,t078988,731.0000,0.364770459082,p2@SERPINA10,51156,15996,Q9UK55,SERPINA10,"serpin family A member 10","gene with protein product"
371,T041700,t191471,731.0000,0.364588528678,p2@SERPINA10,51156,15996,Q9UK55,SERPINA10,"serpin family A member 10","gene with protein product"
372,T041700,t173133,731.0000,0.363862618218,p2@SERPINA10,51156,15996,Q9UK55,SERPINA10,"serpin family A member 10","gene with protein product"
373,T002776,t041700,730.0000,0.363364858138,p23@CYP2E1,1571,2631,Q16868,CYP2E1,"cytochrome P450 family 2 subfamily E member 1","gene with protein product"
374,T002774,t041700,726.0000,0.361553784861,p2@CYP2E1,1571,2631,,CYP2E1,"cytochrome P450 family 2 subfamily E member 1","gene with protein product"
375,T013623,t041700,725.0000,0.361415752742,p5@CSTF3,1479,2485,,CSTF3,"cleavage stimulation factor subunit 3","gene with protein product"
376,T041700,t041729,725.0000,0.36087605774,p2@SERPINA10,51156,15996,Q9UK55,SERPINA10,"serpin family A member 10","gene with protein product"
377,T041700,t086131,724.0000,0.360737419033,p2@SERPINA10,51156,15996,Q9UK55,SERPINA10,"serpin family A member 10","gene with protein product"
378,T041700,t133246,722.0000,0.360279441118,p2@SERPINA10,51156,15996,Q9UK55,SERPINA10,"serpin family A member 10","gene with protein product"
379,T041700,t078998,720.0000,0.359281437126,p2@SERPINA10,51156,15996,Q9UK55,SERPINA10,"serpin family A member 10","gene with protein product"
380,T041700,t134819,722.0000,0.359025360517,p2@SERPINA10,51156,15996,Q9UK55,SERPINA10,"serpin family A member 10","gene with protein product"
381,T041700,t140872,719.0000,0.358424725823,p2@SERPINA10,51156,15996,Q9UK55,SERPINA10,"serpin family A member 10","gene with protein product"
382,T006069,t041700,712.0000,0.355112219451,p1@DNAJC12,56521,28908,Q9UKB3,DNAJC12,"DnaJ heat shock protein family (Hsp40) member C12","gene with protein product"
383,T028896,t041700,712.0000,0.354935194417,p10@C1S,716,1247,,C1S,"complement C1s","gene with protein product"
384,T041700,t116669,708.0000,0.352414136386,p2@SERPINA10,51156,15996,Q9UK55,SERPINA10,"serpin family A member 10","gene with protein product"
385,T041700,t067550,704.0000,0.351122194514,p2@SERPINA10,51156,15996,Q9UK55,SERPINA10,"serpin family A member 10","gene with protein product"
386,T041700,t061977,704.0000,0.349900596421,p2@SERPINA10,51156,15996,Q9UK55,SERPINA10,"serpin family A member 10","gene with protein product"
387,T041700,t130193,702.0000,0.349253731343,p2@SERPINA10,51156,15996,Q9UK55,SERPINA10,"serpin family A member 10","gene with protein product"
388,T041700,t066737,702.0000,0.349080059672,p2@SERPINA10,51156,15996,Q9UK55,SERPINA10,"serpin family A member 10","gene with protein product"
389,T041700,t041730,701.0000,0.34858279463,p2@SERPINA10,51156,15996,Q9UK55,SERPINA10,"serpin family A member 10","gene with protein product"
390,T041700,t190222,696.0000,0.346441015431,p2@SERPINA10,51156,15996,Q9UK55,SERPINA10,"serpin family A member 10","gene with protein product"
391,T041700,t118072,694.0000,0.345789735924,p2@SERPINA10,51156,15996,Q9UK55,SERPINA10,"serpin family A member 10","gene with protein product"
392,T041700,t076246,690.0000,0.343454454953,p2@SERPINA10,51156,15996,Q9UK55,SERPINA10,"serpin family A member 10","gene with protein product"
393,T041700,t056583,691.0000,0.343439363817,p2@SERPINA10,51156,15996,Q9UK55,SERPINA10,"serpin family A member 10","gene with protein product"
394,T041700,t078987,689.0000,0.343298455406,p2@SERPINA10,51156,15996,Q9UK55,SERPINA10,"serpin family A member 10","gene with protein product"
395,T041700,t097863,687.0000,0.342301943199,p2@SERPINA10,51156,15996,Q9UK55,SERPINA10,"serpin family A member 10","gene with protein product"
396,T041700,t154117,689.0000,0.342105263158,p2@SERPINA10,51156,15996,Q9UK55,SERPINA10,"serpin family A member 10","gene with protein product"
397,T041700,t107160,688.0000,0.341608738828,p2@SERPINA10,51156,15996,Q9UK55,SERPINA10,"serpin family A member 10","gene with protein product"
398,T041700,t100544,685.0000,0.3407960199,p2@SERPINA10,51156,15996,Q9UK55,SERPINA10,"serpin family A member 10","gene with protein product"
399,T041700,t049354,683.0000,0.340478564307,p2@SERPINA10,51156,15996,Q9UK55,SERPINA10,"serpin family A member 10","gene with protein product"
400,T041700,t078990,681.0000,0.338637493784,p2@SERPINA10,51156,15996,Q9UK55,SERPINA10,"serpin family A member 10","gene with protein product"
401,T041700,t132738,678.0000,0.338323353293,p2@SERPINA10,51156,15996,Q9UK55,SERPINA10,"serpin family A member 10","gene with protein product"
402,T041700,t056566,678.0000,0.337313432836,p2@SERPINA10,51156,15996,Q9UK55,SERPINA10,"serpin family A member 10","gene with protein product"
403,T041700,t117130,677.0000,0.336313959265,p2@SERPINA10,51156,15996,Q9UK55,SERPINA10,"serpin family A member 10","gene with protein product"
404,T039616,t041700,676.0000,0.335984095427,p2@GPX2,,4554,G3V4J6,GPX2,"glutathione peroxidase 2","gene with protein product"
405,T041700,t168710,674.0000,0.335323383085,p2@SERPINA10,51156,15996,Q9UK55,SERPINA10,"serpin family A member 10","gene with protein product"
406,T041700,t090425,665.0000,0.330845771144,p2@SERPINA10,51156,15996,Q9UK55,SERPINA10,"serpin family A member 10","gene with protein product"
407,T015119,t041700,662.0000,0.329353233831,p1@SERPING1,710,1228,"B4E1F0,B4E1H2,C9JZJ9",SERPING1,"serpin family G member 1","gene with protein product"
408,T041700,t062265,661.0000,0.329183266932,p2@SERPINA10,51156,15996,Q9UK55,SERPINA10,"serpin family A member 10","gene with protein product"
409,T041700,t041810,657.0000,0.32735426009,p2@SERPINA10,51156,15996,Q9UK55,SERPINA10,"serpin family A member 10","gene with protein product"
410,T019535,t041700,652.0000,0.324539571926,p20@AP2A2,161,562,O94973,AP2A2,"adaptor related protein complex 2 alpha 2 subunit","gene with protein product"
411,T041700,t182801,651.0000,0.324364723468,p2@SERPINA10,51156,15996,Q9UK55,SERPINA10,"serpin family A member 10","gene with protein product"
412,T041700,t084355,650.0000,0.323383084577,p2@SERPINA10,51156,15996,Q9UK55,SERPINA10,"serpin family A member 10","gene with protein product"
413,T041700,t096092,645.0000,0.321856287425,p2@SERPINA10,51156,15996,Q9UK55,SERPINA10,"serpin family A member 10","gene with protein product"
414,T041700,t087318,641.0000,0.319541375872,p2@SERPINA10,51156,15996,Q9UK55,SERPINA10,"serpin family A member 10","gene with protein product"
415,T041700,t140812,639.0000,0.318862275449,p2@SERPINA10,51156,15996,Q9UK55,SERPINA10,"serpin family A member 10","gene with protein product"
416,T041700,t076971,637.0000,0.317231075697,p2@SERPINA10,51156,15996,Q9UK55,SERPINA10,"serpin family A member 10","gene with protein product"
417,T041700,t167192,637.0000,0.317073170732,p2@SERPINA10,51156,15996,Q9UK55,SERPINA10,"serpin family A member 10","gene with protein product"
418,T041700,t050166,635.0000,0.31639262581,p2@SERPINA10,51156,15996,Q9UK55,SERPINA10,"serpin family A member 10","gene with protein product"
419,T041700,t148436,630.0000,0.313588850174,p2@SERPINA10,51156,15996,Q9UK55,SERPINA10,"serpin family A member 10","gene with protein product"
420,T041700,t132730,629.0000,0.313247011952,p2@SERPINA10,51156,15996,Q9UK55,SERPINA10,"serpin family A member 10","gene with protein product"
421,T041700,t145354,622.0000,0.310379241517,p2@SERPINA10,51156,15996,Q9UK55,SERPINA10,"serpin family A member 10","gene with protein product"
422,T010717,t041700,622.0000,0.308838133069,p2@OAF,220323,28752,Q86UD1,OAF,"out at first homolog","gene with protein product"
423,T041700,t056562,619.0000,0.308728179551,p2@SERPINA10,51156,15996,Q9UK55,SERPINA10,"serpin family A member 10","gene with protein product"
424,T041700,t084274,618.0000,0.307768924303,p2@SERPINA10,51156,15996,Q9UK55,SERPINA10,"serpin family A member 10","gene with protein product"
425,T041700,t046488,613.0000,0.305888223553,p2@SERPINA10,51156,15996,Q9UK55,SERPINA10,"serpin family A member 10","gene with protein product"
426,T041700,t132654,613.0000,0.305278884462,p2@SERPINA10,51156,15996,Q9UK55,SERPINA10,"serpin family A member 10","gene with protein product"
427,T028971,t041700,612.0000,0.304629168741,p2@C1R,,1246,"F5H6Y3,F5GWL0",C1R,"complement C1r","gene with protein product"
428,T041700,t136272,610.0000,0.303633648581,p2@SERPINA10,51156,15996,Q9UK55,SERPINA10,"serpin family A member 10","gene with protein product"
429,T041700,t088828,604.0000,0.301246882793,p2@SERPINA10,51156,15996,Q9UK55,SERPINA10,"serpin family A member 10","gene with protein product"
430,T041700,t070983,603.0000,0.300748129676,p2@SERPINA10,51156,15996,Q9UK55,SERPINA10,"serpin family A member 10","gene with protein product"
431,T041700,t196144,603.0000,0.299850820487,p2@SERPINA10,51156,15996,Q9UK55,SERPINA10,"serpin family A member 10","gene with protein product"
432,T041700,t041726,600.0000,0.299850074963,p2@SERPINA10,51156,15996,Q9UK55,SERPINA10,"serpin family A member 10","gene with protein product"
433,T041700,t191437,601.0000,0.299302788845,p2@SERPINA10,51156,15996,Q9UK55,SERPINA10,"serpin family A member 10","gene with protein product"
434,T033372,t041700,594.0000,0.295964125561,p2@CPB2,1361,2300,Q96IY4,CPB2,"carboxypeptidase B2","gene with protein product"
435,T041700,t121617,595.0000,0.295725646123,p2@SERPINA10,51156,15996,Q9UK55,SERPINA10,"serpin family A member 10","gene with protein product"
436,T027815,t041700,594.0000,0.295081967213,p1@AVPR1A,552,895,P37288,AVPR1A,"arginine vasopressin receptor 1A","gene with protein product"
437,T005114,t041700,592.0000,0.294088425236,p5@AKR1C3,8644,386,,AKR1C3,"aldo-keto reductase family 1 member C3","gene with protein product"
438,T041700,t167130,589.0000,0.293619142572,p2@SERPINA10,51156,15996,Q9UK55,SERPINA10,"serpin family A member 10","gene with protein product"
439,T001354,t041700,586.0000,0.292269326683,p19@ABLIM1,3983,78,"A6NKJ2,F8W8M4,B3KSG3,B3KVH2,O14639",ABLIM1,"actin binding LIM protein 1","gene with protein product"
440,T041700,t087320,586.0000,0.292123629113,p2@SERPINA10,51156,15996,Q9UK55,SERPINA10,"serpin family A member 10","gene with protein product"
441,T015071,t041700,584.0000,0.291417165669,p17@SLC43A3,29015,17466,E9PMZ1,SLC43A3,"solute carrier family 43 member 3","gene with protein product"
442,T041700,t156618,583.0000,0.290049751244,p2@SERPINA10,51156,15996,Q9UK55,SERPINA10,"serpin family A member 10","gene with protein product"
443,T041700,t125378,582.0000,0.28912071535,p2@SERPINA10,51156,15996,Q9UK55,SERPINA10,"serpin family A member 10","gene with protein product"
444,T028889,t041700,581.0000,0.288767395626,p14@C1S,716,1247,,C1S,"complement C1s","gene with protein product"
445,T041700,t041767,579.0000,0.288346613546,p2@SERPINA10,51156,15996,Q9UK55,SERPINA10,"serpin family A member 10","gene with protein product"
446,T004840,t041700,577.0000,0.287207565953,p5@ZNF22,7570,13012,P17026,ZNF22,"zinc finger protein 22","gene with protein product"
447,T041700,t079009,572.0000,0.285002491281,p2@SERPINA10,51156,15996,Q9UK55,SERPINA10,"serpin family A member 10","gene with protein product"
448,T041700,t118099,573.0000,0.284791252485,p2@SERPINA10,51156,15996,Q9UK55,SERPINA10,"serpin family A member 10","gene with protein product"
449,T041700,t172482,569.0000,0.282662692499,p2@SERPINA10,51156,15996,Q9UK55,SERPINA10,"serpin family A member 10","gene with protein product"
450,T041700,t084279,566.0000,0.282294264339,p2@SERPINA10,51156,15996,Q9UK55,SERPINA10,"serpin family A member 10","gene with protein product"
451,T041700,t088827,565.0000,0.281795511222,p2@SERPINA10,51156,15996,Q9UK55,SERPINA10,"serpin family A member 10","gene with protein product"
452,T041700,t083923,564.0000,0.280597014925,p2@SERPINA10,51156,15996,Q9UK55,SERPINA10,"serpin family A member 10","gene with protein product"
453,T041700,t130490,560.0000,0.278606965174,p2@SERPINA10,51156,15996,Q9UK55,SERPINA10,"serpin family A member 10","gene with protein product"
454,T041700,t076950,558.0000,0.27775012444,p2@SERPINA10,51156,15996,Q9UK55,SERPINA10,"serpin family A member 10","gene with protein product"
455,T041700,t084273,552.0000,0.274763563962,p2@SERPINA10,51156,15996,Q9UK55,SERPINA10,"serpin family A member 10","gene with protein product"
456,T041700,t047325,550.0000,0.273359840954,p2@SERPINA10,51156,15996,Q9UK55,SERPINA10,"serpin family A member 10","gene with protein product"
457,T041700,t056584,548.0000,0.272908366534,p2@SERPINA10,51156,15996,Q9UK55,SERPINA10,"serpin family A member 10","gene with protein product"
458,T041700,t138872,544.0000,0.271321695761,p2@SERPINA10,51156,15996,Q9UK55,SERPINA10,"serpin family A member 10","gene with protein product"
459,T041700,t118069,543.0000,0.270553064275,p2@SERPINA10,51156,15996,Q9UK55,SERPINA10,"serpin family A member 10","gene with protein product"
460,T041700,t053725,537.0000,0.267696909272,p2@SERPINA10,51156,15996,Q9UK55,SERPINA10,"serpin family A member 10","gene with protein product"
461,T041700,t122986,536.0000,0.267598602097,p2@SERPINA10,51156,15996,Q9UK55,SERPINA10,"serpin family A member 10","gene with protein product"
462,T041700,t172591,532.0000,0.264282165922,p2@SERPINA10,51156,15996,Q9UK55,SERPINA10,"serpin family A member 10","gene with protein product"
463,T041700,t090423,529.0000,0.26370887338,p2@SERPINA10,51156,15996,Q9UK55,SERPINA10,"serpin family A member 10","gene with protein product"
464,T041700,t187323,528.0000,0.263341645885,p2@SERPINA10,51156,15996,Q9UK55,SERPINA10,"serpin family A member 10","gene with protein product"
465,T041700,t076965,528.0000,0.263341645885,p2@SERPINA10,51156,15996,Q9UK55,SERPINA10,"serpin family A member 10","gene with protein product"
466,T041700,t121722,524.0000,0.261346633416,p2@SERPINA10,51156,15996,Q9UK55,SERPINA10,"serpin family A member 10","gene with protein product"
467,T041700,t097862,525.0000,0.261324041812,p2@SERPINA10,51156,15996,Q9UK55,SERPINA10,"serpin family A member 10","gene with protein product"
468,T041700,t079006,525.0000,0.260934393638,p2@SERPINA10,51156,15996,Q9UK55,SERPINA10,"serpin family A member 10","gene with protein product"
469,T041700,t134608,524.0000,0.260826281732,p2@SERPINA10,51156,15996,Q9UK55,SERPINA10,"serpin family A member 10","gene with protein product"
470,T028895,t041700,522.0000,0.259960159363,p9@C1S,716,1247,,C1S,"complement C1s","gene with protein product"
471,T041700,t140788,520.0000,0.259481037924,p2@SERPINA10,51156,15996,Q9UK55,SERPINA10,"serpin family A member 10","gene with protein product"
472,T041700,t052238,517.0000,0.257470119522,p2@SERPINA10,51156,15996,Q9UK55,SERPINA10,"serpin family A member 10","gene with protein product"
473,T041700,t177903,516.0000,0.25658876181,p2@SERPINA10,51156,15996,Q9UK55,SERPINA10,"serpin family A member 10","gene with protein product"
474,T041700,t140849,512.0000,0.255489021956,p2@SERPINA10,51156,15996,Q9UK55,SERPINA10,"serpin family A member 10","gene with protein product"
475,T015137,t041700,509.0000,0.253865336658,p20@SERPING1,710,1228,,SERPING1,"serpin family G member 1","gene with protein product"
476,T041700,t136662,509.0000,0.253612356751,p2@SERPINA10,51156,15996,Q9UK55,SERPINA10,"serpin family A member 10","gene with protein product"
477,T041700,t089358,508.0000,0.252485089463,p2@SERPINA10,51156,15996,Q9UK55,SERPINA10,"serpin family A member 10","gene with protein product"
478,T041700,t047326,506.0000,0.252243270189,p2@SERPINA10,51156,15996,Q9UK55,SERPINA10,"serpin family A member 10","gene with protein product"
479,T041700,t130194,503.0000,0.250248756219,p2@SERPINA10,51156,15996,Q9UK55,SERPINA10,"serpin family A member 10","gene with protein product"
480,T015124,t041700,503.0000,0.249875807253,p6@SERPING1,710,1228,Q5UGI6,SERPING1,"serpin family G member 1","gene with protein product"
481,T041700,t140869,498.0000,0.248131539611,p2@SERPINA10,51156,15996,Q9UK55,SERPINA10,"serpin family A member 10","gene with protein product"
482,T041700,t114251,496.0000,0.247135027404,p2@SERPINA10,51156,15996,Q9UK55,SERPINA10,"serpin family A member 10","gene with protein product"
483,T041700,t185779,492.0000,0.244897959184,p2@SERPINA10,51156,15996,Q9UK55,SERPINA10,"serpin family A member 10","gene with protein product"
484,T035139,t041700,488.0000,0.242906918865,p1@SLC25A47,283600,20115,"Q6Q0C1,G3V374",SLC25A47,"solute carrier family 25 member 47","gene with protein product"
485,T041700,t148677,487.0000,0.242529880478,p2@SERPINA10,51156,15996,Q9UK55,SERPINA10,"serpin family A member 10","gene with protein product"
486,T041700,t125240,484.0000,0.240915878547,p2@SERPINA10,51156,15996,Q9UK55,SERPINA10,"serpin family A member 10","gene with protein product"
487,T041700,t118123,480.0000,0.239282153539,p2@SERPINA10,51156,15996,Q9UK55,SERPINA10,"serpin family A member 10","gene with protein product"
488,T041700,t121230,480.0000,0.239043824701,p2@SERPINA10,51156,15996,Q9UK55,SERPINA10,"serpin family A member 10","gene with protein product"
489,T041700,t118121,477.0000,0.237431557989,p2@SERPINA10,51156,15996,Q9UK55,SERPINA10,"serpin family A member 10","gene with protein product"
490,T027252,t041700,476.0000,0.236933797909,p3@RDH16,8608,29674,O75452,RDH16,"retinol dehydrogenase 16 (all-trans)","gene with protein product"
491,T041700,t079007,473.0000,0.23544051767,p2@SERPINA10,51156,15996,Q9UK55,SERPINA10,"serpin family A member 10","gene with protein product"
492,T041700,t136293,471.0000,0.235264735265,p2@SERPINA10,51156,15996,Q9UK55,SERPINA10,"serpin family A member 10","gene with protein product"
493,T041700,t111969,470.0000,0.23418036871,p2@SERPINA10,51156,15996,Q9UK55,SERPINA10,"serpin family A member 10","gene with protein product"
494,T041700,t125377,469.0000,0.23391521197,p2@SERPINA10,51156,15996,Q9UK55,SERPINA10,"serpin family A member 10","gene with protein product"
495,T017438,t041700,468.0000,0.233183856502,p8@PC,5091,8636,P11498,PC,"pyruvate carboxylase","gene with protein product"
496,T033387,t041700,468.0000,0.232951717272,p13@LCP1,3936,6528,B4DUA0,LCP1,"lymphocyte cytosolic protein 1","gene with protein product"
497,T041696,t041700,467.0000,0.232801595214,p4@SERPINA10,51156,15996,Q9UK55,SERPINA10,"serpin family A member 10","gene with protein product"
498,T041700,t164280,467.0000,0.232685600399,p2@SERPINA10,51156,15996,Q9UK55,SERPINA10,"serpin family A member 10","gene with protein product"
499,T041700,t075432,462.0000,0.229965156794,p2@SERPINA10,51156,15996,Q9UK55,SERPINA10,"serpin family A member 10","gene with protein product"
500,T041700,t130226,459.0000,0.228471876556,p2@SERPINA10,51156,15996,Q9UK55,SERPINA10,"serpin family A member 10","gene with protein product"
501,T041700,t188793,452.0000,0.225436408978,p2@SERPINA10,51156,15996,Q9UK55,SERPINA10,"serpin family A member 10","gene with protein product"
502,T041700,t138558,449.0000,0.223716990533,p2@SERPINA10,51156,15996,Q9UK55,SERPINA10,"serpin family A member 10","gene with protein product"
503,T041700,t062591,444.0000,0.221005475361,p2@SERPINA10,51156,15996,Q9UK55,SERPINA10,"serpin family A member 10","gene with protein product"
504,T031589,t041700,442.0000,0.220119521912,p2@F7,2155,3544,E9PH36,F7,"coagulation factor VII","gene with protein product"
505,T006991,t041700,440.0000,0.218687872763,p2@ITIH2,3698,6167,,ITIH2,"inter-alpha-trypsin inhibitor heavy chain 2","gene with protein product"
506,T041700,t095358,438.0000,0.218018914883,p2@SERPINA10,51156,15996,Q9UK55,SERPINA10,"serpin family A member 10","gene with protein product"
507,T041700,t095637,437.0000,0.217521154803,p2@SERPINA10,51156,15996,Q9UK55,SERPINA10,"serpin family A member 10","gene with protein product"
508,T041700,t076964,433.0000,0.215637450199,p2@SERPINA10,51156,15996,Q9UK55,SERPINA10,"serpin family A member 10","gene with protein product"
509,T041700,t144929,430.0000,0.214570858283,p2@SERPINA10,51156,15996,Q9UK55,SERPINA10,"serpin family A member 10","gene with protein product"
510,T041700,t153150,430.0000,0.213823968175,p2@SERPINA10,51156,15996,Q9UK55,SERPINA10,"serpin family A member 10","gene with protein product"
511,T041700,t185773,429.0000,0.213645418327,p2@SERPINA10,51156,15996,Q9UK55,SERPINA10,"serpin family A member 10","gene with protein product"
512,T041700,t100695,418.0000,0.208478802993,p2@SERPINA10,51156,15996,Q9UK55,SERPINA10,"serpin family A member 10","gene with protein product"
513,T041700,t107157,417.0000,0.207876370887,p2@SERPINA10,51156,15996,Q9UK55,SERPINA10,"serpin family A member 10","gene with protein product"
514,T041700,t133616,415.0000,0.206879361914,p2@SERPINA10,51156,15996,Q9UK55,SERPINA10,"serpin family A member 10","gene with protein product"
515,T041700,t085828,411.0000,0.205089820359,p2@SERPINA10,51156,15996,Q9UK55,SERPINA10,"serpin family A member 10","gene with protein product"
516,T012993,t041700,410.0000,0.203980099502,p69@IGF2,3481,5466,P01344,IGF2,"insulin like growth factor 2","gene with protein product"
517,T041700,t056577,408.0000,0.203187250996,p2@SERPINA10,51156,15996,Q9UK55,SERPINA10,"serpin family A member 10","gene with protein product"
518,T012421,t041700,408.0000,0.203086112494,p1@SAA4,6291,10516,,SAA4,"serum amyloid A4, constitutive","gene with protein product"
519,T036948,t041700,405.0000,0.201894317049,p15@AJUBA,84962,20250,G3V5F5,AJUBA,"ajuba LIM protein","gene with protein product"
520,T027245,t041700,400.0000,0.199302441455,p3@HSD17B6,8630,23316,O14756,HSD17B6,"hydroxysteroid 17-beta dehydrogenase 6","gene with protein product"
521,T041700,t133050,399.0000,0.198606271777,p2@SERPINA10,51156,15996,Q9UK55,SERPINA10,"serpin family A member 10","gene with protein product"
522,T041700,t041727,399.0000,0.198507462687,p2@SERPINA10,51156,15996,Q9UK55,SERPINA10,"serpin family A member 10","gene with protein product"
523,T017436,t041700,391.0000,0.194237456533,p7@PC,5091,8636,P11498,PC,"pyruvate carboxylase","gene with protein product"
524,T041700,t183890,388.0000,0.193612774451,p2@SERPINA10,51156,15996,Q9UK55,SERPINA10,"serpin family A member 10","gene with protein product"
525,T041700,t118084,387.0000,0.192537313433,p2@SERPINA10,51156,15996,Q9UK55,SERPINA10,"serpin family A member 10","gene with protein product"
526,T024806,t041700,380.0000,0.189526184539,p11@CPNE8,144402,23498,F8VZB5,CPNE8,"copine 8","gene with protein product"
527,T036950,t041700,379.0000,0.188839063279,p10@AJUBA,84962,20250,G3V5F5,AJUBA,"ajuba LIM protein","gene with protein product"
528,T012441,t041700,377.0000,0.187842551071,p9@SAA1,6288,10513,P02735,SAA1,"serum amyloid A1","gene with protein product"
529,T041700,t056570,371.0000,0.184853014449,p2@SERPINA10,51156,15996,Q9UK55,SERPINA10,"serpin family A member 10","gene with protein product"
530,T041700,t164266,366.0000,0.182270916335,p2@SERPINA10,51156,15996,Q9UK55,SERPINA10,"serpin family A member 10","gene with protein product"
531,T016638,t041700,363.0000,0.181047381546,p10@HPX,3263,5171,,HPX,hemopexin,"gene with protein product"
532,T041700,t107709,360.0000,0.179282868526,p2@SERPINA10,51156,15996,Q9UK55,SERPINA10,"serpin family A member 10","gene with protein product"
533,T041700,t164283,358.0000,0.17855361596,p2@SERPINA10,51156,15996,Q9UK55,SERPINA10,"serpin family A member 10","gene with protein product"
534,T041700,t061972,358.0000,0.17828685259,p2@SERPINA10,51156,15996,Q9UK55,SERPINA10,"serpin family A member 10","gene with protein product"
535,T041700,t109455,356.0000,0.177290836653,p2@SERPINA10,51156,15996,Q9UK55,SERPINA10,"serpin family A member 10","gene with protein product"
536,T041700,t153813,356.0000,0.177114427861,p2@SERPINA10,51156,15996,Q9UK55,SERPINA10,"serpin family A member 10","gene with protein product"
537,T041700,t062589,355.0000,0.176969092722,p2@SERPINA10,51156,15996,Q9UK55,SERPINA10,"serpin family A member 10","gene with protein product"
538,T041700,t078714,351.0000,0.175149700599,p2@SERPINA10,51156,15996,Q9UK55,SERPINA10,"serpin family A member 10","gene with protein product"
539,T041700,t122173,349.0000,0.173978065803,p2@SERPINA10,51156,15996,Q9UK55,SERPINA10,"serpin family A member 10","gene with protein product"
540,T041700,t069379,346.0000,0.172310756972,p2@SERPINA10,51156,15996,Q9UK55,SERPINA10,"serpin family A member 10","gene with protein product"
541,T041700,t145366,343.0000,0.170731707317,p2@SERPINA10,51156,15996,Q9UK55,SERPINA10,"serpin family A member 10","gene with protein product"
542,T000084,t041700,338.0000,0.168410563029,p1@CPN1,1369,2312,P15169,CPN1,"carboxypeptidase N subunit 1","gene with protein product"
543,T033388,t041700,335.0000,0.167082294264,p49@LCP1,3936,6528,B4DUA0,LCP1,"lymphocyte cytosolic protein 1","gene with protein product"
544,T041700,t187325,334.0000,0.166417538615,p2@SERPINA10,51156,15996,Q9UK55,SERPINA10,"serpin family A member 10","gene with protein product"
545,T041700,t156204,334.0000,0.166086524117,p2@SERPINA10,51156,15996,Q9UK55,SERPINA10,"serpin family A member 10","gene with protein product"
546,T041700,t164846,334.0000,0.166003976143,p2@SERPINA10,51156,15996,Q9UK55,SERPINA10,"serpin family A member 10","gene with protein product"
547,T041700,t095734,333.0000,0.165754106521,p2@SERPINA10,51156,15996,Q9UK55,SERPINA10,"serpin family A member 10","gene with protein product"
548,T041700,t047905,332.0000,0.165586034913,p2@SERPINA10,51156,15996,Q9UK55,SERPINA10,"serpin family A member 10","gene with protein product"
549,T041700,t089359,329.0000,0.16368159204,p2@SERPINA10,51156,15996,Q9UK55,SERPINA10,"serpin family A member 10","gene with protein product"
550,T041700,t172594,328.0000,0.163184079602,p2@SERPINA10,51156,15996,Q9UK55,SERPINA10,"serpin family A member 10","gene with protein product"
551,T041700,t140912,328.0000,0.163184079602,p2@SERPINA10,51156,15996,Q9UK55,SERPINA10,"serpin family A member 10","gene with protein product"
552,T015242,t041700,327.0000,0.162929745889,p10@GLYATL1,92292,30519,E9PK55,GLYATL1,"glycine-N-acyltransferase like 1","gene with protein product"
553,T027924,t041700,327.0000,0.162202380952,p6@LTBR,4055,6718,,LTBR,"lymphotoxin beta receptor","gene with protein product"
554,T041700,t158295,323.0000,0.160856573705,p2@SERPINA10,51156,15996,Q9UK55,SERPINA10,"serpin family A member 10","gene with protein product"
555,T015125,t041700,323.0000,0.160776505724,p3@SERPING1,710,1228,P05155,SERPING1,"serpin family G member 1","gene with protein product"
556,T041700,t140850,323.0000,0.160457029309,p2@SERPINA10,51156,15996,Q9UK55,SERPINA10,"serpin family A member 10","gene with protein product"
557,T041700,t087300,319.0000,0.158785465406,p2@SERPINA10,51156,15996,Q9UK55,SERPINA10,"serpin family A member 10","gene with protein product"
558,T041700,t121719,318.0000,0.158208955224,p2@SERPINA10,51156,15996,Q9UK55,SERPINA10,"serpin family A member 10","gene with protein product"
559,T041700,t078991,316.0000,0.157527417747,p2@SERPINA10,51156,15996,Q9UK55,SERPINA10,"serpin family A member 10","gene with protein product"
560,T041700,t076247,316.0000,0.157370517928,p2@SERPINA10,51156,15996,Q9UK55,SERPINA10,"serpin family A member 10","gene with protein product"
561,T041700,t070901,314.0000,0.156452416542,p2@SERPINA10,51156,15996,Q9UK55,SERPINA10,"serpin family A member 10","gene with protein product"
562,T041700,t122987,314.0000,0.156218905473,p2@SERPINA10,51156,15996,Q9UK55,SERPINA10,"serpin family A member 10","gene with protein product"
563,T017991,t041700,313.0000,0.156109725686,p5@EPS8L2,64787,21296,E9PNY4,EPS8L2,"EPS8 like 2","gene with protein product"
564,T041700,t146632,309.0000,0.154191616766,p2@SERPINA10,51156,15996,Q9UK55,SERPINA10,"serpin family A member 10","gene with protein product"
565,T041700,t111660,307.0000,0.153117206983,p2@SERPINA10,51156,15996,Q9UK55,SERPINA10,"serpin family A member 10","gene with protein product"
566,T041700,t052237,307.0000,0.152660367976,p2@SERPINA10,51156,15996,Q9UK55,SERPINA10,"serpin family A member 10","gene with protein product"
567,T041700,t107158,304.0000,0.151394422311,p2@SERPINA10,51156,15996,Q9UK55,SERPINA10,"serpin family A member 10","gene with protein product"
568,T041700,t118114,301.0000,0.149900398406,p2@SERPINA10,51156,15996,Q9UK55,SERPINA10,"serpin family A member 10","gene with protein product"
569,T041700,t198507,300.0000,0.149402390438,p2@SERPINA10,51156,15996,Q9UK55,SERPINA10,"serpin family A member 10","gene with protein product"
570,T041700,t088813,300.0000,0.14888337469,p2@SERPINA10,51156,15996,Q9UK55,SERPINA10,"serpin family A member 10","gene with protein product"
571,T041700,t126727,296.0000,0.147557328016,p2@SERPINA10,51156,15996,Q9UK55,SERPINA10,"serpin family A member 10","gene with protein product"
572,T041700,t137788,296.0000,0.147263681592,p2@SERPINA10,51156,15996,Q9UK55,SERPINA10,"serpin family A member 10","gene with protein product"
573,T019954,t041700,296.0000,0.147263681592,p1@NR1H4,9971,7967,Q96RI1,NR1H4,"nuclear receptor subfamily 1 group H member 4","gene with protein product"
574,T041700,t064882,294.0000,0.146487294469,p2@SERPINA10,51156,15996,Q9UK55,SERPINA10,"serpin family A member 10","gene with protein product"
575,T041700,t082956,293.0000,0.145916334661,p2@SERPINA10,51156,15996,Q9UK55,SERPINA10,"serpin family A member 10","gene with protein product"
576,T041700,t045613,290.0000,0.144494270055,p2@SERPINA10,51156,15996,Q9UK55,SERPINA10,"serpin family A member 10","gene with protein product"
577,T041700,t138874,288.0000,0.143784323515,p2@SERPINA10,51156,15996,Q9UK55,SERPINA10,"serpin family A member 10","gene with protein product"
578,T041700,t172481,289.0000,0.143781094527,p2@SERPINA10,51156,15996,Q9UK55,SERPINA10,"serpin family A member 10","gene with protein product"
579,T041700,t100847,289.0000,0.143638170974,p2@SERPINA10,51156,15996,Q9UK55,SERPINA10,"serpin family A member 10","gene with protein product"
580,T041700,t188763,287.0000,0.143070787637,p2@SERPINA10,51156,15996,Q9UK55,SERPINA10,"serpin family A member 10","gene with protein product"
581,T041700,t120363,287.0000,0.142928286853,p2@SERPINA10,51156,15996,Q9UK55,SERPINA10,"serpin family A member 10","gene with protein product"
582,T041700,t183209,286.0000,0.142643391521,p2@SERPINA10,51156,15996,Q9UK55,SERPINA10,"serpin family A member 10","gene with protein product"
583,T041700,t088724,286.0000,0.142359382778,p2@SERPINA10,51156,15996,Q9UK55,SERPINA10,"serpin family A member 10","gene with protein product"
584,T000083,t041700,285.0000,0.142073778664,p2@CPN1,1369,2312,,CPN1,"carboxypeptidase N subunit 1","gene with protein product"
585,T041700,t121231,284.0000,0.141504733433,p2@SERPINA10,51156,15996,Q9UK55,SERPINA10,"serpin family A member 10","gene with protein product"
586,T028892,t041700,282.0000,0.140368342459,p8@C1S,716,1247,F5H7T4,C1S,"complement C1s","gene with protein product"
587,T041700,t118115,280.0000,0.139581256231,p2@SERPINA10,51156,15996,Q9UK55,SERPINA10,"serpin family A member 10","gene with protein product"
588,T041700,t185774,277.0000,0.137810945274,p2@SERPINA10,51156,15996,Q9UK55,SERPINA10,"serpin family A member 10","gene with protein product"
589,T041700,t049647,274.0000,0.136590229312,p2@SERPINA10,51156,15996,Q9UK55,SERPINA10,"serpin family A member 10","gene with protein product"
590,T041700,t172590,274.0000,0.136590229312,p2@SERPINA10,51156,15996,Q9UK55,SERPINA10,"serpin family A member 10","gene with protein product"
591,T041700,t081573,272.0000,0.135188866799,p2@SERPINA10,51156,15996,Q9UK55,SERPINA10,"serpin family A member 10","gene with protein product"
592,T041700,t192658,268.0000,0.133068520357,p2@SERPINA10,51156,15996,Q9UK55,SERPINA10,"serpin family A member 10","gene with protein product"
593,T041700,t118089,267.0000,0.133034379671,p2@SERPINA10,51156,15996,Q9UK55,SERPINA10,"serpin family A member 10","gene with protein product"
594,T041700,t043467,265.0000,0.13216957606,p2@SERPINA10,51156,15996,Q9UK55,SERPINA10,"serpin family A member 10","gene with protein product"
595,T041700,t185772,264.0000,0.131408661025,p2@SERPINA10,51156,15996,Q9UK55,SERPINA10,"serpin family A member 10","gene with protein product"
596,T041700,t168709,262.0000,0.130543099153,p2@SERPINA10,51156,15996,Q9UK55,SERPINA10,"serpin family A member 10","gene with protein product"
597,T041700,t189171,260.0000,0.129546586946,p2@SERPINA10,51156,15996,Q9UK55,SERPINA10,"serpin family A member 10","gene with protein product"
598,T041700,t167153,259.0000,0.128855721393,p2@SERPINA10,51156,15996,Q9UK55,SERPINA10,"serpin family A member 10","gene with protein product"
599,T041700,t055949,258.0000,0.12874251497,p2@SERPINA10,51156,15996,Q9UK55,SERPINA10,"serpin family A member 10","gene with protein product"
600,T019502,t041700,258.0000,0.128422100548,p5@CHID1,66005,28474,"Q9BWS9,E9PRL3",CHID1,"chitinase domain containing 1","gene with protein product"
601,T005304,t041700,257.0000,0.127988047809,p2@MBL2,4153,6922,"P11226,Q5SQS3",MBL2,"mannose binding lectin 2","gene with protein product"
602,T041700,t118125,255.0000,0.127182044888,p2@SERPINA10,51156,15996,Q9UK55,SERPINA10,"serpin family A member 10","gene with protein product"
603,T041700,t121034,254.0000,0.126431060229,p2@SERPINA10,51156,15996,Q9UK55,SERPINA10,"serpin family A member 10","gene with protein product"
604,T041700,t167169,253.0000,0.126373626374,p2@SERPINA10,51156,15996,Q9UK55,SERPINA10,"serpin family A member 10","gene with protein product"
605,T041700,t041719,254.0000,0.126368159204,p2@SERPINA10,51156,15996,Q9UK55,SERPINA10,"serpin family A member 10","gene with protein product"
606,T041700,t188766,253.0000,0.125933300149,p2@SERPINA10,51156,15996,Q9UK55,SERPINA10,"serpin family A member 10","gene with protein product"
607,T009940,t041700,251.0000,0.125,p4@NNMT,4837,7861,,NNMT,"nicotinamide N-methyltransferase","gene with protein product"
608,T006987,t041700,250.0000,0.124378109453,p6@ITIH2,3698,6167,P19823,ITIH2,"inter-alpha-trypsin inhibitor heavy chain 2","gene with protein product"
609,T041700,t187963,249.0000,0.124189526185,p2@SERPINA10,51156,15996,Q9UK55,SERPINA10,"serpin family A member 10","gene with protein product"
610,T041700,t084271,248.0000,0.123567513702,p2@SERPINA10,51156,15996,Q9UK55,SERPINA10,"serpin family A member 10","gene with protein product"
611,T023865,t041700,246.0000,0.122327200398,p1@SLCO1B1,10599,10959,"Q9Y6L6,Q05CV5",SLCO1B1,"solute carrier organic anion transporter family member 1B1","gene with protein product"
612,T041700,t190224,246.0000,0.122205663189,p2@SERPINA10,51156,15996,Q9UK55,SERPINA10,"serpin family A member 10","gene with protein product"
613,T041700,t140002,245.0000,0.122011952191,p2@SERPINA10,51156,15996,Q9UK55,SERPINA10,"serpin family A member 10","gene with protein product"
614,T016209,t041700,244.0000,0.121453459433,p6@PLA2G16,11145,17825,,PLA2G16,"phospholipase A2 group XVI","gene with protein product"
615,T041700,t090915,243.0000,0.121015936255,p2@SERPINA10,51156,15996,Q9UK55,SERPINA10,"serpin family A member 10","gene with protein product"
616,T014398,t041700,239.0000,0.118846345102,p12@SLC35C1,55343,20197,Q96A29,SLC35C1,"solute carrier family 35 member C1","gene with protein product"
617,T041700,t140320,238.0000,0.118525896414,p2@SERPINA10,51156,15996,Q9UK55,SERPINA10,"serpin family A member 10","gene with protein product"
618,T041700,t085831,238.0000,0.118407960199,p2@SERPINA10,51156,15996,Q9UK55,SERPINA10,"serpin family A member 10","gene with protein product"
619,T041700,t129950,238.0000,0.118114143921,p2@SERPINA10,51156,15996,Q9UK55,SERPINA10,"serpin family A member 10","gene with protein product"
620,T027391,t041700,234.0000,0.116824762856,p7@INHBC,3626,6068,F8VVQ8,INHBC,"inhibin beta C subunit","gene with protein product"
621,T013120,t041700,234.0000,0.116533864542,p18@CD81,975,1701,E9PPF5,CD81,"CD81 molecule","gene with protein product"
622,T041700,t178517,231.0000,0.114982578397,p2@SERPINA10,51156,15996,Q9UK55,SERPINA10,"serpin family A member 10","gene with protein product"
623,T041700,t057393,230.0000,0.114314115308,p2@SERPINA10,51156,15996,Q9UK55,SERPINA10,"serpin family A member 10","gene with protein product"
624,T034885,t041700,229.0000,0.113930348259,p4@FARP1,10160,3591,Q9Y4F1,FARP1,"FERM, ARH/RhoGEF and pleckstrin domain protein 1","gene with protein product"
625,T041700,t164848,226.0000,0.112437810945,p2@SERPINA10,51156,15996,Q9UK55,SERPINA10,"serpin family A member 10","gene with protein product"
626,T023927,t041700,224.0000,0.111553784861,p9@LDHB,3945,6541,F5H793,LDHB,"lactate dehydrogenase B","gene with protein product"
627,T041700,t121591,224.0000,0.11149825784,p2@SERPINA10,51156,15996,Q9UK55,SERPINA10,"serpin family A member 10","gene with protein product"
628,T041700,t076245,223.0000,0.111388611389,p2@SERPINA10,51156,15996,Q9UK55,SERPINA10,"serpin family A member 10","gene with protein product"
629,T012436,t041700,224.0000,0.111111111111,p2@SAA1,6288,10513,"P02735,E9PQD6",SAA1,"serum amyloid A1","gene with protein product"
630,T028967,t041700,223.0000,0.110890104426,p12@C1R,715,1246,,C1R,"complement C1r","gene with protein product"
631,T041700,t169870,220.0000,0.109398309299,p2@SERPINA10,51156,15996,Q9UK55,SERPINA10,"serpin family A member 10","gene with protein product"
632,T041700,t055826,217.0000,0.108067729084,p2@SERPINA10,51156,15996,Q9UK55,SERPINA10,"serpin family A member 10","gene with protein product"
633,T012999,t041700,216.0000,0.107730673317,p5@INS-IGF2,723961,33527,,INS-IGF2,"INS-IGF2 readthrough",readthrough
634,T015133,t041700,216.0000,0.107569721116,p7@SERPING1,710,1228,P05155,SERPING1,"serpin family G member 1","gene with protein product"
635,T041700,t182756,215.0000,0.1072319202,p2@SERPINA10,51156,15996,Q9UK55,SERPINA10,"serpin family A member 10","gene with protein product"
636,T041700,t060846,215.0000,0.107018417123,p2@SERPINA10,51156,15996,Q9UK55,SERPINA10,"serpin family A member 10","gene with protein product"
637,T041700,t085836,213.0000,0.106181455633,p2@SERPINA10,51156,15996,Q9UK55,SERPINA10,"serpin family A member 10","gene with protein product"
638,T041700,t152854,213.0000,0.106181455633,p2@SERPINA10,51156,15996,Q9UK55,SERPINA10,"serpin family A member 10","gene with protein product"
639,T018733,t041700,213.0000,0.105864811133,p2@CLNS1A,1207,2080,E9PJF4,CLNS1A,"chloride nucleotide-sensitive channel 1A","gene with protein product"
640,T041700,t120364,209.0000,0.104187437687,p2@SERPINA10,51156,15996,Q9UK55,SERPINA10,"serpin family A member 10","gene with protein product"
641,T041700,t154439,209.0000,0.104083665339,p2@SERPINA10,51156,15996,Q9UK55,SERPINA10,"serpin family A member 10","gene with protein product"
642,T014403,t041700,207.0000,0.103293413174,p5@SLC35C1,55343,20197,Q96K20,SLC35C1,"solute carrier family 35 member C1","gene with protein product"
643,T041700,t084269,207.0000,0.103036336486,p2@SERPINA10,51156,15996,Q9UK55,SERPINA10,"serpin family A member 10","gene with protein product"
644,T041700,t061973,197.0000,0.0981564524165,p2@SERPINA10,51156,15996,Q9UK55,SERPINA10,"serpin family A member 10","gene with protein product"
645,T027923,t041700,196.0000,0.0975124378109,p8@LTBR,4055,6718,,LTBR,"lymphotoxin beta receptor","gene with protein product"
646,T015128,t041700,195.0000,0.0972083748754,p5@SERPING1,710,1228,P05155,SERPING1,"serpin family G member 1","gene with protein product"
647,T041700,t108465,195.0000,0.0971115537849,p2@SERPINA10,51156,15996,Q9UK55,SERPINA10,"serpin family A member 10","gene with protein product"
648,T041700,t153525,194.0000,0.0967098703888,p2@SERPINA10,51156,15996,Q9UK55,SERPINA10,"serpin family A member 10","gene with protein product"
649,T025295,t041700,191.0000,0.0950721752115,p5@SLC38A4,55089,14679,F8VRD9,SLC38A4,"solute carrier family 38 member 4","gene with protein product"
650,T041700,t134611,190.0000,0.0945744151319,p2@SERPINA10,51156,15996,Q9UK55,SERPINA10,"serpin family A member 10","gene with protein product"
651,T041700,t137787,190.0000,0.0945744151319,p2@SERPINA10,51156,15996,Q9UK55,SERPINA10,"serpin family A member 10","gene with protein product"
652,T041700,t178519,190.0000,0.0945273631841,p2@SERPINA10,51156,15996,Q9UK55,SERPINA10,"serpin family A member 10","gene with protein product"
653,T041700,t041703,188.0000,0.0938592111832,p2@SERPINA10,51156,15996,Q9UK55,SERPINA10,"serpin family A member 10","gene with protein product"
654,T041700,t154442,188.0000,0.0936721474838,p2@SERPINA10,51156,15996,Q9UK55,SERPINA10,"serpin family A member 10","gene with protein product"
655,T028840,t041700,188.0000,0.0935788949726,p19@PTPRB,5787,9665,"P23467,Q86VA4",PTPRB,"protein tyrosine phosphatase, receptor type B","gene with protein product"
656,T041700,t168217,187.0000,0.0931274900398,p2@SERPINA10,51156,15996,Q9UK55,SERPINA10,"serpin family A member 10","gene with protein product"
657,T041700,t115264,186.0000,0.0927218344965,p2@SERPINA10,51156,15996,Q9UK55,SERPINA10,"serpin family A member 10","gene with protein product"
658,T041700,t148676,185.0000,0.0920856147337,p2@SERPINA10,51156,15996,Q9UK55,SERPINA10,"serpin family A member 10","gene with protein product"
659,T041700,t191706,182.0000,0.0907278165503,p2@SERPINA10,51156,15996,Q9UK55,SERPINA10,"serpin family A member 10","gene with protein product"
660,T041700,t135187,182.0000,0.0907278165503,p2@SERPINA10,51156,15996,Q9UK55,SERPINA10,"serpin family A member 10","gene with protein product"
661,T041700,t136138,182.0000,0.0907278165503,p2@SERPINA10,51156,15996,Q9UK55,SERPINA10,"serpin family A member 10","gene with protein product"
662,T041700,t145357,182.0000,0.090682610862,p2@SERPINA10,51156,15996,Q9UK55,SERPINA10,"serpin family A member 10","gene with protein product"
663,T041700,t100587,181.0000,0.0900497512438,p2@SERPINA10,51156,15996,Q9UK55,SERPINA10,"serpin family A member 10","gene with protein product"
664,T015138,t041700,181.0000,0.0900049726504,p23@SERPING1,710,1228,,SERPING1,"serpin family G member 1","gene with protein product"
665,T041700,t145360,180.0000,0.0896860986547,p2@SERPINA10,51156,15996,Q9UK55,SERPINA10,"serpin family A member 10","gene with protein product"
666,T041700,t191468,180.0000,0.0896860986547,p2@SERPINA10,51156,15996,Q9UK55,SERPINA10,"serpin family A member 10","gene with protein product"
667,T041700,t087072,173.0000,0.0862842892768,p2@SERPINA10,51156,15996,Q9UK55,SERPINA10,"serpin family A member 10","gene with protein product"
668,T041700,t052360,173.0000,0.0861553784861,p2@SERPINA10,51156,15996,Q9UK55,SERPINA10,"serpin family A member 10","gene with protein product"
669,T041700,t153787,172.0000,0.0855721393035,p2@SERPINA10,51156,15996,Q9UK55,SERPINA10,"serpin family A member 10","gene with protein product"
670,T041700,t056571,170.0000,0.0846192135391,p2@SERPINA10,51156,15996,Q9UK55,SERPINA10,"serpin family A member 10","gene with protein product"
671,T041700,t070942,170.0000,0.0845350571855,p2@SERPINA10,51156,15996,Q9UK55,SERPINA10,"serpin family A member 10","gene with protein product"
672,T015069,t041700,168.0000,0.0835405271009,p9@SLC43A3,29015,17466,,SLC43A3,"solute carrier family 43 member 3","gene with protein product"
673,T041700,t132429,168.0000,0.0834990059642,p2@SERPINA10,51156,15996,Q9UK55,SERPINA10,"serpin family A member 10","gene with protein product"
674,T041700,t118101,166.0000,0.0825459970164,p2@SERPINA10,51156,15996,Q9UK55,SERPINA10,"serpin family A member 10","gene with protein product"
675,T041700,t132706,166.0000,0.0825459970164,p2@SERPINA10,51156,15996,Q9UK55,SERPINA10,"serpin family A member 10","gene with protein product"
676,T041700,t138873,164.0000,0.0817955112219,p2@SERPINA10,51156,15996,Q9UK55,SERPINA10,"serpin family A member 10","gene with protein product"
677,T041700,t047904,164.0000,0.081592039801,p2@SERPINA10,51156,15996,Q9UK55,SERPINA10,"serpin family A member 10","gene with protein product"
678,T041700,t100605,162.0000,0.080878681977,p2@SERPINA10,51156,15996,Q9UK55,SERPINA10,"serpin family A member 10","gene with protein product"
679,T041700,t130488,161.0000,0.0800596718051,p2@SERPINA10,51156,15996,Q9UK55,SERPINA10,"serpin family A member 10","gene with protein product"
680,T041700,t041756,160.0000,0.079720976582,p2@SERPINA10,51156,15996,Q9UK55,SERPINA10,"serpin family A member 10","gene with protein product"
681,T041700,t069378,160.0000,0.0796812749004,p2@SERPINA10,51156,15996,Q9UK55,SERPINA10,"serpin family A member 10","gene with protein product"
682,T027406,t041700,160.0000,0.0796416127427,p3@INHBE,83729,24029,P58166,INHBE,"inhibin beta E subunit","gene with protein product"
683,T041700,t088008,160.0000,0.0795228628231,p2@SERPINA10,51156,15996,Q9UK55,SERPINA10,"serpin family A member 10","gene with protein product"
684,T001255,t041700,158.0000,0.0788029925187,p1@HABP2,3026,4798,F5H475,HABP2,"hyaluronan binding protein 2","gene with protein product"
685,T041700,t118128,158.0000,0.0786852589641,p2@SERPINA10,51156,15996,Q9UK55,SERPINA10,"serpin family A member 10","gene with protein product"
686,T041700,t191001,156.0000,0.0777279521674,p2@SERPINA10,51156,15996,Q9UK55,SERPINA10,"serpin family A member 10","gene with protein product"
687,T041700,t154114,156.0000,0.0776892430279,p2@SERPINA10,51156,15996,Q9UK55,SERPINA10,"serpin family A member 10","gene with protein product"
688,T041700,t168714,156.0000,0.0775733465937,p2@SERPINA10,51156,15996,Q9UK55,SERPINA10,"serpin family A member 10","gene with protein product"
689,T041700,t133024,155.0000,0.0773067331671,p2@SERPINA10,51156,15996,Q9UK55,SERPINA10,"serpin family A member 10","gene with protein product"
690,T014277,t041700,154.0000,0.0766932270916,p2@ACCS,84680,23989,B4E219,ACCS,"1-aminocyclopropane-1-carboxylate synthase homolog (inactive)","gene with protein product"
691,T036297,t041700,154.0000,0.0765788165092,p5@RNASE4,6038,10047,"P34096,Q53XB4",RNASE4,"ribonuclease A family member 4","gene with protein product"
692,T041700,t060027,152.0000,0.0756972111554,p2@SERPINA10,51156,15996,Q9UK55,SERPINA10,"serpin family A member 10","gene with protein product"
693,T041700,t055996,152.0000,0.0756595321055,p2@SERPINA10,51156,15996,Q9UK55,SERPINA10,"serpin family A member 10","gene with protein product"
694,T041700,t095446,152.0000,0.0755842864247,p2@SERPINA10,51156,15996,Q9UK55,SERPINA10,"serpin family A member 10","gene with protein product"
695,T041700,t079061,151.0000,0.0753869196206,p2@SERPINA10,51156,15996,Q9UK55,SERPINA10,"serpin family A member 10","gene with protein product"
696,T041700,t082260,150.0000,0.0747756729811,p2@SERPINA10,51156,15996,Q9UK55,SERPINA10,"serpin family A member 10","gene with protein product"
697,T041700,t118130,147.0000,0.0732071713147,p2@SERPINA10,51156,15996,Q9UK55,SERPINA10,"serpin family A member 10","gene with protein product"
698,T021109,t041700,147.0000,0.0730616302187,p1@ALDH2,217,404,"P05091,F8VSB0,F8VXI5",ALDH2,"aldehyde dehydrogenase 2 family (mitochondrial)","gene with protein product"
699,T041700,t100962,146.0000,0.0726368159204,p2@SERPINA10,51156,15996,Q9UK55,SERPINA10,"serpin family A member 10","gene with protein product"
700,T010739,t041700,145.0000,0.0722471350274,p8@ARHGEF12,23365,14193,Q9NZN5,ARHGEF12,"Rho guanine nucleotide exchange factor 12","gene with protein product"
701,T041700,t095357,145.0000,0.0722111553785,p2@SERPINA10,51156,15996,Q9UK55,SERPINA10,"serpin family A member 10","gene with protein product"
702,T041700,t062479,143.0000,0.0712151394422,p2@SERPINA10,51156,15996,Q9UK55,SERPINA10,"serpin family A member 10","gene with protein product"
703,T041700,t145331,142.0000,0.0707171314741,p2@SERPINA10,51156,15996,Q9UK55,SERPINA10,"serpin family A member 10","gene with protein product"
704,T041700,t164847,142.0000,0.0705414803775,p2@SERPINA10,51156,15996,Q9UK55,SERPINA10,"serpin family A member 10","gene with protein product"
705,T041700,t069782,140.0000,0.0696517412935,p2@SERPINA10,51156,15996,Q9UK55,SERPINA10,"serpin family A member 10","gene with protein product"
706,T028968,t041700,139.0000,0.0691886510702,p11@C1R,715,1246,P00736,C1R,"complement C1r","gene with protein product"
707,T041700,t164265,139.0000,0.0691198408752,p2@SERPINA10,51156,15996,Q9UK55,SERPINA10,"serpin family A member 10","gene with protein product"
708,T041700,t056575,137.0000,0.0683632734531,p2@SERPINA10,51156,15996,Q9UK55,SERPINA10,"serpin family A member 10","gene with protein product"
709,T030591,t041700,137.0000,0.0682270916335,p3@AMDHD1,144193,28577,"Q96NU7,B3KVC5",AMDHD1,"amidohydrolase domain containing 1","gene with protein product"
710,T041700,t145316,137.0000,0.0680914512922,p2@SERPINA10,51156,15996,Q9UK55,SERPINA10,"serpin family A member 10","gene with protein product"
711,T041700,t057394,136.0000,0.0677290836653,p2@SERPINA10,51156,15996,Q9UK55,SERPINA10,"serpin family A member 10","gene with protein product"
712,T006364,t041700,134.0000,0.0666003976143,p2@LRRC20,55222,23421,,LRRC20,"leucine rich repeat containing 20","gene with protein product"
713,T017437,t041700,133.0000,0.0662680617838,p4@PC,5091,8636,P11498,PC,"pyruvate carboxylase","gene with protein product"
714,T041700,t049694,133.0000,0.0661691542289,p2@SERPINA10,51156,15996,Q9UK55,SERPINA10,"serpin family A member 10","gene with protein product"
715,T041700,t120371,133.0000,0.0660377358491,p2@SERPINA10,51156,15996,Q9UK55,SERPINA10,"serpin family A member 10","gene with protein product"
716,T041700,t097860,132.0000,0.065606361829,p2@SERPINA10,51156,15996,Q9UK55,SERPINA10,"serpin family A member 10","gene with protein product"
717,T041700,t096400,131.0000,0.0651093439364,p2@SERPINA10,51156,15996,Q9UK55,SERPINA10,"serpin family A member 10","gene with protein product"
718,T041700,t153523,130.0000,0.0647732934728,p2@SERPINA10,51156,15996,Q9UK55,SERPINA10,"serpin family A member 10","gene with protein product"
719,T041700,t107323,129.0000,0.0644033949076,p2@SERPINA10,51156,15996,Q9UK55,SERPINA10,"serpin family A member 10","gene with protein product"
720,T041700,t132737,129.0000,0.0640834575261,p2@SERPINA10,51156,15996,Q9UK55,SERPINA10,"serpin family A member 10","gene with protein product"
721,T041700,t050165,128.0000,0.0638085742772,p2@SERPINA10,51156,15996,Q9UK55,SERPINA10,"serpin family A member 10","gene with protein product"
722,T041700,t106441,124.0000,0.0617529880478,p2@SERPINA10,51156,15996,Q9UK55,SERPINA10,"serpin family A member 10","gene with protein product"
723,T027140,t041700,122.0000,0.0609086370444,p2@APOF,319,615,"Q13790,F5GXS5",APOF,"apolipoprotein F","gene with protein product"
724,T041700,t103676,122.0000,0.0607569721116,p2@SERPINA10,51156,15996,Q9UK55,SERPINA10,"serpin family A member 10","gene with protein product"
725,T041700,t185781,121.0000,0.0602289696366,p2@SERPINA10,51156,15996,Q9UK55,SERPINA10,"serpin family A member 10","gene with protein product"
726,T041700,t044266,120.0000,0.059731209557,p2@SERPINA10,51156,15996,Q9UK55,SERPINA10,"serpin family A member 10","gene with protein product"
727,T011939,t041700,120.0000,0.0596421471173,p3@NCAPD3,23310,28952,"E9PJ63,E9PL84",NCAPD3,"non-SMC condensin II complex subunit D3","gene with protein product"
728,T041700,t078992,119.0000,0.0591745400298,p2@SERPINA10,51156,15996,Q9UK55,SERPINA10,"serpin family A member 10","gene with protein product"
729,T041700,t049625,119.0000,0.0590863952334,p2@SERPINA10,51156,15996,Q9UK55,SERPINA10,"serpin family A member 10","gene with protein product"
730,T041700,t095942,117.0000,0.0582959641256,p2@SERPINA10,51156,15996,Q9UK55,SERPINA10,"serpin family A member 10","gene with protein product"
731,T041700,t088009,117.0000,0.0582379293181,p2@SERPINA10,51156,15996,Q9UK55,SERPINA10,"serpin family A member 10","gene with protein product"
732,T041700,t090917,117.0000,0.0582379293181,p2@SERPINA10,51156,15996,Q9UK55,SERPINA10,"serpin family A member 10","gene with protein product"
733,T024682,t041700,117.0000,0.0582089552239,p2@SLC6A12,6539,11045,,SLC6A12,"solute carrier family 6 member 12","gene with protein product"
734,T041700,t118082,116.0000,0.0576540755467,p2@SERPINA10,51156,15996,Q9UK55,SERPINA10,"serpin family A member 10","gene with protein product"
735,T010072,t041700,115.0000,0.0571854798608,p8@APOC3,345,610,P02656,APOC3,"apolipoprotein C3","gene with protein product"
736,T041700,t078921,114.0000,0.0566882148185,p2@SERPINA10,51156,15996,Q9UK55,SERPINA10,"serpin family A member 10","gene with protein product"
737,T041700,t168703,114.0000,0.0566882148185,p2@SERPINA10,51156,15996,Q9UK55,SERPINA10,"serpin family A member 10","gene with protein product"
738,T041700,t100846,113.0000,0.0563591022444,p2@SERPINA10,51156,15996,Q9UK55,SERPINA10,"serpin family A member 10","gene with protein product"
739,T041700,t094775,113.0000,0.056302939711,p2@SERPINA10,51156,15996,Q9UK55,SERPINA10,"serpin family A member 10","gene with protein product"
740,T010046,t041700,112.0000,0.0558603491272,p1@APOA5,116519,17288,Q6Q788,APOA5,"apolipoprotein A5","gene with protein product"
741,T028965,t041700,111.0000,0.0553064275037,p6@C1R,715,1246,,C1R,"complement C1r","gene with protein product"
742,T041700,t145745,111.0000,0.0552788844622,p2@SERPINA10,51156,15996,Q9UK55,SERPINA10,"serpin family A member 10","gene with protein product"
743,T041700,t178512,111.0000,0.0552788844622,p2@SERPINA10,51156,15996,Q9UK55,SERPINA10,"serpin family A member 10","gene with protein product"
744,T041700,t182263,110.0000,0.0548628428928,p2@SERPINA10,51156,15996,Q9UK55,SERPINA10,"serpin family A member 10","gene with protein product"
745,T041700,t041720,110.0000,0.0546448087432,p2@SERPINA10,51156,15996,Q9UK55,SERPINA10,"serpin family A member 10","gene with protein product"
746,T012437,t041700,108.0000,0.0538116591928,p4@SAA1,6288,10513,P02735,SAA1,"serum amyloid A1","gene with protein product"
747,T041700,t118100,108.0000,0.0537848605578,p2@SERPINA10,51156,15996,Q9UK55,SERPINA10,"serpin family A member 10","gene with protein product"
748,T041700,t133618,107.0000,0.0533932135729,p2@SERPINA10,51156,15996,Q9UK55,SERPINA10,"serpin family A member 10","gene with protein product"
749,T019955,t041700,107.0000,0.0533134030892,p2@NR1H4,9971,7967,Q96RI1,NR1H4,"nuclear receptor subfamily 1 group H member 4","gene with protein product"
750,T041700,t161894,107.0000,0.0531017369727,p2@SERPINA10,51156,15996,Q9UK55,SERPINA10,"serpin family A member 10","gene with protein product"
751,T041700,t085833,105.0000,0.0522908366534,p2@SERPINA10,51156,15996,Q9UK55,SERPINA10,"serpin family A member 10","gene with protein product"
752,T041700,t061974,103.0000,0.0513715710723,p2@SERPINA10,51156,15996,Q9UK55,SERPINA10,"serpin family A member 10","gene with protein product"
753,T003263,t041700,102.0000,0.0507462686567,p2@NSUN6,221078,23529,Q8TEA1,NSUN6,"NOP2/Sun RNA methyltransferase family member 6","gene with protein product"
754,T041700,t183891,101.0000,0.0503740648379,p2@SERPINA10,51156,15996,Q9UK55,SERPINA10,"serpin family A member 10","gene with protein product"
755,T041700,t089339,101.0000,0.0502737680438,p2@SERPINA10,51156,15996,Q9UK55,SERPINA10,"serpin family A member 10","gene with protein product"
756,T041700,t100537,100.0000,0.049850448654,p2@SERPINA10,51156,15996,Q9UK55,SERPINA10,"serpin family A member 10","gene with protein product"
757,T041700,t118135,100.0000,0.0497760079642,p2@SERPINA10,51156,15996,Q9UK55,SERPINA10,"serpin family A member 10","gene with protein product"
758,T027376,t041700,99.0000,0.0493519441675,p25@R3HDM2,22864,29167,,R3HDM2,"R3H domain containing 2","gene with protein product"
759,T041700,t109783,99.0000,0.0493027888446,p2@SERPINA10,51156,15996,Q9UK55,SERPINA10,"serpin family A member 10","gene with protein product"
760,T041700,t148790,98.0000,0.0488290981565,p2@SERPINA10,51156,15996,Q9UK55,SERPINA10,"serpin family A member 10","gene with protein product"
761,T041700,t072994,98.0000,0.0488047808765,p2@SERPINA10,51156,15996,Q9UK55,SERPINA10,"serpin family A member 10","gene with protein product"
762,T041700,t080411,97.0000,0.0484273589616,p2@SERPINA10,51156,15996,Q9UK55,SERPINA10,"serpin family A member 10","gene with protein product"
763,T041700,t044265,97.0000,0.0483790523691,p2@SERPINA10,51156,15996,Q9UK55,SERPINA10,"serpin family A member 10","gene with protein product"
764,T041700,t136292,97.0000,0.0483067729084,p2@SERPINA10,51156,15996,Q9UK55,SERPINA10,"serpin family A member 10","gene with protein product"
765,T012997,t041700,97.0000,0.0483067729084,p3@INS-IGF2,723961,33527,,INS-IGF2,"INS-IGF2 readthrough",readthrough
766,T015243,t041700,97.0000,0.0482827277252,p1@GLYATL1,92292,30519,E9PR27,GLYATL1,"glycine-N-acyltransferase like 1","gene with protein product"
767,T041700,t118129,97.0000,0.0482347091,p2@SERPINA10,51156,15996,Q9UK55,SERPINA10,"serpin family A member 10","gene with protein product"
768,T041700,t041803,95.0000,0.047263681592,p2@SERPINA10,51156,15996,Q9UK55,SERPINA10,"serpin family A member 10","gene with protein product"
769,T041700,t182262,95.0000,0.0471698113208,p2@SERPINA10,51156,15996,Q9UK55,SERPINA10,"serpin family A member 10","gene with protein product"
770,T007465,t041700,94.0000,0.0468827930175,p6@MAT1A,4143,6903,Q00266,MAT1A,"methionine adenosyltransferase 1A","gene with protein product"
771,T041700,t051579,93.0000,0.0463147410359,p2@SERPINA10,51156,15996,Q9UK55,SERPINA10,"serpin family A member 10","gene with protein product"
772,T010067,t041700,93.0000,0.0463147410359,p2@APOC3,345,610,P02656,APOC3,"apolipoprotein C3","gene with protein product"
773,T041700,t134818,93.0000,0.0462916874067,p2@SERPINA10,51156,15996,Q9UK55,SERPINA10,"serpin family A member 10","gene with protein product"
774,T041700,t085835,93.0000,0.0462686567164,p2@SERPINA10,51156,15996,Q9UK55,SERPINA10,"serpin family A member 10","gene with protein product"
775,T034882,t041700,92.0000,0.0457483838886,p6@FARP1,10160,3591,Q9Y4F1,FARP1,"FERM, ARH/RhoGEF and pleckstrin domain protein 1","gene with protein product"
776,T041700,t100548,91.0000,0.0452736318408,p2@SERPINA10,51156,15996,Q9UK55,SERPINA10,"serpin family A member 10","gene with protein product"
777,T041700,t123012,91.0000,0.0452061599603,p2@SERPINA10,51156,15996,Q9UK55,SERPINA10,"serpin family A member 10","gene with protein product"
778,T041700,t159000,90.0000,0.0449326010984,p2@SERPINA10,51156,15996,Q9UK55,SERPINA10,"serpin family A member 10","gene with protein product"
779,T020206,t041700,90.0000,0.0448207171315,p8@PAH,5053,8582,P00439,PAH,"phenylalanine hydroxylase","gene with protein product"
780,T039015,t041700,89.0000,0.0443890274314,p1@C14orf105,55195,20189,"Q9NVL8,E9PI50,Q05C89,Q17R99",C14orf105,"chromosome 14 open reading frame 105","gene with protein product"
781,T041700,t047902,89.0000,0.0443447932237,p2@SERPINA10,51156,15996,Q9UK55,SERPINA10,"serpin family A member 10","gene with protein product"
782,T012442,t041700,89.0000,0.0442786069652,p3@SAA1,6288,10513,P02735,SAA1,"serum amyloid A1","gene with protein product"
783,T041700,t156873,88.0000,0.0439340988517,p2@SERPINA10,51156,15996,Q9UK55,SERPINA10,"serpin family A member 10","gene with protein product"
784,T006067,t041700,88.0000,0.0438902743142,p2@DNAJC12,56521,28908,,DNAJC12,"DnaJ heat shock protein family (Hsp40) member C12","gene with protein product"
785,T041700,t142663,88.0000,0.0438902743142,p2@SERPINA10,51156,15996,Q9UK55,SERPINA10,"serpin family A member 10","gene with protein product"
786,T041700,t088814,88.0000,0.0438465371201,p2@SERPINA10,51156,15996,Q9UK55,SERPINA10,"serpin family A member 10","gene with protein product"
787,T041700,t041787,87.0000,0.0434348477284,p2@SERPINA10,51156,15996,Q9UK55,SERPINA10,"serpin family A member 10","gene with protein product"
788,T041700,t064883,87.0000,0.0434131736527,p2@SERPINA10,51156,15996,Q9UK55,SERPINA10,"serpin family A member 10","gene with protein product"
789,T041700,t118116,87.0000,0.043391521197,p2@SERPINA10,51156,15996,Q9UK55,SERPINA10,"serpin family A member 10","gene with protein product"
790,T015654,t041700,87.0000,0.043369890329,p3@IRF7,3665,6122,,IRF7,"interferon regulatory factor 7","gene with protein product"
791,T041700,t121721,86.0000,0.0428073668492,p2@SERPINA10,51156,15996,Q9UK55,SERPINA10,"serpin family A member 10","gene with protein product"
792,T041700,t189213,85.0000,0.0424363454818,p2@SERPINA10,51156,15996,Q9UK55,SERPINA10,"serpin family A member 10","gene with protein product"
793,T041700,t080410,85.0000,0.0423940149626,p2@SERPINA10,51156,15996,Q9UK55,SERPINA10,"serpin family A member 10","gene with protein product"
794,T010092,t041700,85.0000,0.0423728813559,p4@APOA1,335,600,P02647,APOA1,"apolipoprotein A1","gene with protein product"
795,T041700,t118067,83.0000,0.0412729985082,p2@SERPINA10,51156,15996,Q9UK55,SERPINA10,"serpin family A member 10","gene with protein product"
796,T041700,t131321,82.0000,0.040959040959,p2@SERPINA10,51156,15996,Q9UK55,SERPINA10,"serpin family A member 10","gene with protein product"
797,T006990,t041700,81.0000,0.0403587443946,p8@ITIH2,3698,6167,P19823,ITIH2,"inter-alpha-trypsin inhibitor heavy chain 2","gene with protein product"
798,T041700,t070981,80.0000,0.0398406374502,p2@SERPINA10,51156,15996,Q9UK55,SERPINA10,"serpin family A member 10","gene with protein product"
799,T041700,t168711,79.0000,0.0394014962594,p2@SERPINA10,51156,15996,Q9UK55,SERPINA10,"serpin family A member 10","gene with protein product"
800,T015134,t041700,79.0000,0.0393426294821,p22@SERPING1,710,1228,P05155,SERPING1,"serpin family G member 1","gene with protein product"
801,T041700,t132656,78.0000,0.0389221556886,p2@SERPINA10,51156,15996,Q9UK55,SERPINA10,"serpin family A member 10","gene with protein product"
802,T008309,t041700,78.0000,0.0389221556886,p2@RBP4,5950,9922,,RBP4,"retinol binding protein 4","gene with protein product"
803,T041700,t178514,78.0000,0.0388059701493,p2@SERPINA10,51156,15996,Q9UK55,SERPINA10,"serpin family A member 10","gene with protein product"
804,T041700,t145310,77.0000,0.0383848454636,p2@SERPINA10,51156,15996,Q9UK55,SERPINA10,"serpin family A member 10","gene with protein product"
805,T041700,t062527,77.0000,0.0383657199801,p2@SERPINA10,51156,15996,Q9UK55,SERPINA10,"serpin family A member 10","gene with protein product"
806,T041700,t087323,77.0000,0.0382703777336,p2@SERPINA10,51156,15996,Q9UK55,SERPINA10,"serpin family A member 10","gene with protein product"
807,T030232,t041700,76.0000,0.037962037962,p9@A2M,2,7,,A2M,alpha-2-macroglobulin,"gene with protein product"
808,T028898,t041700,76.0000,0.0379052369077,p4@C1S,716,1247,,C1S,"complement C1s","gene with protein product"
809,T041700,t179533,76.0000,0.037773359841,p2@SERPINA10,51156,15996,Q9UK55,SERPINA10,"serpin family A member 10","gene with protein product"
810,T041700,t142662,75.0000,0.0374064837905,p2@SERPINA10,51156,15996,Q9UK55,SERPINA10,"serpin family A member 10","gene with protein product"
811,T041700,t120674,75.0000,0.0373505976096,p2@SERPINA10,51156,15996,Q9UK55,SERPINA10,"serpin family A member 10","gene with protein product"
812,T041700,t154440,75.0000,0.0373505976096,p2@SERPINA10,51156,15996,Q9UK55,SERPINA10,"serpin family A member 10","gene with protein product"
813,T041700,t085832,74.0000,0.0367610531545,p2@SERPINA10,51156,15996,Q9UK55,SERPINA10,"serpin family A member 10","gene with protein product"
814,T003262,t041700,73.0000,0.0363726955655,p3@NSUN6,221078,23529,Q8TEA1,NSUN6,"NOP2/Sun RNA methyltransferase family member 6","gene with protein product"
815,T041700,t118124,73.0000,0.0363545816733,p2@SERPINA10,51156,15996,Q9UK55,SERPINA10,"serpin family A member 10","gene with protein product"
816,T041700,t153995,73.0000,0.0363184079602,p2@SERPINA10,51156,15996,Q9UK55,SERPINA10,"serpin family A member 10","gene with protein product"
817,T041700,t145336,73.0000,0.0363003480855,p2@SERPINA10,51156,15996,Q9UK55,SERPINA10,"serpin family A member 10","gene with protein product"
818,T041700,t084767,72.0000,0.0359102244389,p2@SERPINA10,51156,15996,Q9UK55,SERPINA10,"serpin family A member 10","gene with protein product"
819,T015070,t041700,72.0000,0.0358923230309,p30@SLC43A3,29015,17466,E9PMZ1,SLC43A3,"solute carrier family 43 member 3","gene with protein product"
820,T041700,t142654,72.0000,0.0358923230309,p2@SERPINA10,51156,15996,Q9UK55,SERPINA10,"serpin family A member 10","gene with protein product"
821,T041700,t061976,71.0000,0.0353761833582,p2@SERPINA10,51156,15996,Q9UK55,SERPINA10,"serpin family A member 10","gene with protein product"
822,T041700,t118064,71.0000,0.0353585657371,p2@SERPINA10,51156,15996,Q9UK55,SERPINA10,"serpin family A member 10","gene with protein product"
823,T041700,t047722,71.0000,0.0353585657371,p2@SERPINA10,51156,15996,Q9UK55,SERPINA10,"serpin family A member 10","gene with protein product"
824,T041700,t145332,70.0000,0.0349301397206,p2@SERPINA10,51156,15996,Q9UK55,SERPINA10,"serpin family A member 10","gene with protein product"
825,T041700,t159338,70.0000,0.0348258706468,p2@SERPINA10,51156,15996,Q9UK55,SERPINA10,"serpin family A member 10","gene with protein product"
826,T041700,t133617,68.0000,0.0338645418327,p2@SERPINA10,51156,15996,Q9UK55,SERPINA10,"serpin family A member 10","gene with protein product"
827,T027139,t041700,68.0000,0.0338476854156,p1@APOF,319,615,"Q13790,F5GXS5",APOF,"apolipoprotein F","gene with protein product"
828,T010091,t041700,66.0000,0.0328521652563,p3@APOA1,335,600,P02647,APOA1,"apolipoprotein A1","gene with protein product"
829,T041700,t055010,66.0000,0.0327543424318,p2@SERPINA10,51156,15996,Q9UK55,SERPINA10,"serpin family A member 10","gene with protein product"
830,T041700,t111968,64.0000,0.0319201995012,p2@SERPINA10,51156,15996,Q9UK55,SERPINA10,"serpin family A member 10","gene with protein product"
831,T041700,t121618,64.0000,0.0318883906328,p2@SERPINA10,51156,15996,Q9UK55,SERPINA10,"serpin family A member 10","gene with protein product"
832,T008388,t041700,64.0000,0.0318566450971,p1@CYP2C8,1558,2622,"P10632,E9PLI9,E9PIW6,E9PN61,B7Z1F6,F5H7Q9,B7Z1F5",CYP2C8,"cytochrome P450 family 2 subfamily C member 8","gene with protein product"
833,T041700,t107314,63.0000,0.031405782652,p2@SERPINA10,51156,15996,Q9UK55,SERPINA10,"serpin family A member 10","gene with protein product"
834,T041700,t183762,63.0000,0.0313901345291,p2@SERPINA10,51156,15996,Q9UK55,SERPINA10,"serpin family A member 10","gene with protein product"
835,T041700,t125237,63.0000,0.0313432835821,p2@SERPINA10,51156,15996,Q9UK55,SERPINA10,"serpin family A member 10","gene with protein product"
836,T041700,t145334,63.0000,0.0313432835821,p2@SERPINA10,51156,15996,Q9UK55,SERPINA10,"serpin family A member 10","gene with protein product"
837,T041700,t186997,62.0000,0.0309072781655,p2@SERPINA10,51156,15996,Q9UK55,SERPINA10,"serpin family A member 10","gene with protein product"
838,T041700,t126150,62.0000,0.0309072781655,p2@SERPINA10,51156,15996,Q9UK55,SERPINA10,"serpin family A member 10","gene with protein product"
839,T041700,t075431,62.0000,0.0309072781655,p2@SERPINA10,51156,15996,Q9UK55,SERPINA10,"serpin family A member 10","gene with protein product"
840,T028970,t041700,62.0000,0.0308611249378,p1@C1R,715,1246,"F5H2D0,F5H1V0,F5H3N3,P00736",C1R,"complement C1r","gene with protein product"
841,T041700,t153812,62.0000,0.0308611249378,p2@SERPINA10,51156,15996,Q9UK55,SERPINA10,"serpin family A member 10","gene with protein product"
842,T041700,t068317,61.0000,0.0304239401496,p2@SERPINA10,51156,15996,Q9UK55,SERPINA10,"serpin family A member 10","gene with protein product"
843,T016211,t041700,61.0000,0.0303936223219,p5@PLA2G16,11145,17825,P53816,PLA2G16,"phospholipase A2 group XVI","gene with protein product"
844,T005206,t041700,61.0000,0.0303784860558,p2@A1CF,29974,24086,"Q9NQ94,Q5T0W7,B4E1E3,Q7Z2U9",A1CF,"APOBEC1 complementation factor","gene with protein product"
845,T041700,t044984,61.0000,0.0303784860558,p2@SERPINA10,51156,15996,Q9UK55,SERPINA10,"serpin family A member 10","gene with protein product"
846,T015131,t041700,61.0000,0.0303331675783,p4@SERPING1,710,1228,P05155,SERPING1,"serpin family G member 1","gene with protein product"
847,T041700,t161890,61.0000,0.0303180914513,p2@SERPINA10,51156,15996,Q9UK55,SERPINA10,"serpin family A member 10","gene with protein product"
848,T041700,t131907,60.0000,0.0298953662182,p2@SERPINA10,51156,15996,Q9UK55,SERPINA10,"serpin family A member 10","gene with protein product"
849,T041700,t070898,60.0000,0.0298656047785,p2@SERPINA10,51156,15996,Q9UK55,SERPINA10,"serpin family A member 10","gene with protein product"
850,T041700,t118058,60.0000,0.0298507462687,p2@SERPINA10,51156,15996,Q9UK55,SERPINA10,"serpin family A member 10","gene with protein product"
851,T041700,t145358,59.0000,0.0294117647059,p2@SERPINA10,51156,15996,Q9UK55,SERPINA10,"serpin family A member 10","gene with protein product"
852,T004880,t041700,59.0000,0.0294117647059,p4@ZFAND4,93550,23504,Q86XD8,ZFAND4,"zinc finger AN1-type containing 4","gene with protein product"
853,T015127,t041700,59.0000,0.0294117647059,p8@SERPING1,710,1228,P05155,SERPING1,"serpin family G member 1","gene with protein product"
854,T041700,t044988,59.0000,0.0293971101146,p2@SERPINA10,51156,15996,Q9UK55,SERPINA10,"serpin family A member 10","gene with protein product"
855,T041700,t120671,59.0000,0.0293678446989,p2@SERPINA10,51156,15996,Q9UK55,SERPINA10,"serpin family A member 10","gene with protein product"
856,T041700,t088015,58.0000,0.028971028971,p2@SERPINA10,51156,15996,Q9UK55,SERPINA10,"serpin family A member 10","gene with protein product"
857,T001256,t041700,58.0000,0.028898854011,p4@HABP2,3026,4798,B7Z8Q5,HABP2,"hyaluronan binding protein 2","gene with protein product"
858,T041700,t096953,57.0000,0.0284431137725,p2@SERPINA10,51156,15996,Q9UK55,SERPINA10,"serpin family A member 10","gene with protein product"
859,T041700,t088011,57.0000,0.0284005979073,p2@SERPINA10,51156,15996,Q9UK55,SERPINA10,"serpin family A member 10","gene with protein product"
860,T006998,t041700,57.0000,0.0284005979073,p5@ITIH2,3698,6167,P19823,ITIH2,"inter-alpha-trypsin inhibitor heavy chain 2","gene with protein product"
861,T041700,t118030,57.0000,0.0283864541833,p2@SERPINA10,51156,15996,Q9UK55,SERPINA10,"serpin family A member 10","gene with protein product"
862,T041700,t130491,56.0000,0.0279023418037,p2@SERPINA10,51156,15996,Q9UK55,SERPINA10,"serpin family A member 10","gene with protein product"
863,T041700,t042674,55.0000,0.0274314214464,p2@SERPINA10,51156,15996,Q9UK55,SERPINA10,"serpin family A member 10","gene with protein product"
864,T041700,t118090,55.0000,0.0274314214464,p2@SERPINA10,51156,15996,Q9UK55,SERPINA10,"serpin family A member 10","gene with protein product"
865,T041700,t145320,55.0000,0.0273359840954,p2@SERPINA10,51156,15996,Q9UK55,SERPINA10,"serpin family A member 10","gene with protein product"
866,T041700,t145311,55.0000,0.0273359840954,p2@SERPINA10,51156,15996,Q9UK55,SERPINA10,"serpin family A member 10","gene with protein product"
867,T028894,t041700,54.0000,0.0269192422732,p5@C1S,716,1247,F5H7T4,C1S,"complement C1s","gene with protein product"
868,T015083,t041700,53.0000,0.0264471057884,p16@SLC43A3,29015,17466,E9PR64,SLC43A3,"solute carrier family 43 member 3","gene with protein product"
869,T015102,t041700,53.0000,0.0264207377866,p1@SLC43A1,8501,9225,O75387,SLC43A1,"solute carrier family 43 member 1","gene with protein product"
870,T041700,t118073,53.0000,0.026368159204,p2@SERPINA10,51156,15996,Q9UK55,SERPINA10,"serpin family A member 10","gene with protein product"
871,T041700,t063741,52.0000,0.0259351620948,p2@SERPINA10,51156,15996,Q9UK55,SERPINA10,"serpin family A member 10","gene with protein product"
872,T041700,t087313,52.0000,0.0258577821979,p2@SERPINA10,51156,15996,Q9UK55,SERPINA10,"serpin family A member 10","gene with protein product"
873,T034878,t041700,52.0000,0.0258320914059,p8@FARP1,10160,3591,,FARP1,"FERM, ARH/RhoGEF and pleckstrin domain protein 1","gene with protein product"
874,T041700,t111971,51.0000,0.0254364089776,p2@SERPINA10,51156,15996,Q9UK55,SERPINA10,"serpin family A member 10","gene with protein product"
875,T041700,t081764,51.0000,0.0254237288136,p2@SERPINA10,51156,15996,Q9UK55,SERPINA10,"serpin family A member 10","gene with protein product"
876,T041700,t129948,51.0000,0.0254110612855,p2@SERPINA10,51156,15996,Q9UK55,SERPINA10,"serpin family A member 10","gene with protein product"
877,T041700,t183887,51.0000,0.0254110612855,p2@SERPINA10,51156,15996,Q9UK55,SERPINA10,"serpin family A member 10","gene with protein product"
878,T041700,t135188,51.0000,0.0252850768468,p2@SERPINA10,51156,15996,Q9UK55,SERPINA10,"serpin family A member 10","gene with protein product"
879,T041700,t089923,50.0000,0.024925224327,p2@SERPINA10,51156,15996,Q9UK55,SERPINA10,"serpin family A member 10","gene with protein product"
880,T041700,t167822,50.0000,0.0249128051819,p2@SERPINA10,51156,15996,Q9UK55,SERPINA10,"serpin family A member 10","gene with protein product"
881,T041700,t140991,50.0000,0.0249003984064,p2@SERPINA10,51156,15996,Q9UK55,SERPINA10,"serpin family A member 10","gene with protein product"
882,T041700,t113916,50.0000,0.0248880039821,p2@SERPINA10,51156,15996,Q9UK55,SERPINA10,"serpin family A member 10","gene with protein product"
883,T041700,t178515,49.0000,0.0244510978044,p2@SERPINA10,51156,15996,Q9UK55,SERPINA10,"serpin family A member 10","gene with protein product"
884,T041700,t164270,49.0000,0.0244023904382,p2@SERPINA10,51156,15996,Q9UK55,SERPINA10,"serpin family A member 10","gene with protein product"
885,T041700,t132655,49.0000,0.0244023904382,p2@SERPINA10,51156,15996,Q9UK55,SERPINA10,"serpin family A member 10","gene with protein product"
886,T041700,t072756,49.0000,0.0244023904382,p2@SERPINA10,51156,15996,Q9UK55,SERPINA10,"serpin family A member 10","gene with protein product"
887,T041700,t189853,48.0000,0.0239640539191,p2@SERPINA10,51156,15996,Q9UK55,SERPINA10,"serpin family A member 10","gene with protein product"
888,T014585,t041700,48.0000,0.0239282153539,p2@F2,2147,3535,,F2,"coagulation factor II, thrombin","gene with protein product"
889,T041700,t053219,48.0000,0.0239162929746,p2@SERPINA10,51156,15996,Q9UK55,SERPINA10,"serpin family A member 10","gene with protein product"
890,T041700,t132751,48.0000,0.0238924838228,p2@SERPINA10,51156,15996,Q9UK55,SERPINA10,"serpin family A member 10","gene with protein product"
891,T041700,t148671,47.0000,0.0234297108674,p2@SERPINA10,51156,15996,Q9UK55,SERPINA10,"serpin family A member 10","gene with protein product"
892,T041700,t118097,47.0000,0.023406374502,p2@SERPINA10,51156,15996,Q9UK55,SERPINA10,"serpin family A member 10","gene with protein product"
893,T028887,t041700,47.0000,0.0233947237432,p1@C1S,716,1247,,C1S,"complement C1s","gene with protein product"
894,T041700,t056733,47.0000,0.023348236463,p2@SERPINA10,51156,15996,Q9UK55,SERPINA10,"serpin family A member 10","gene with protein product"
895,T041700,t059994,46.0000,0.0229426433915,p2@SERPINA10,51156,15996,Q9UK55,SERPINA10,"serpin family A member 10","gene with protein product"
896,T041700,t143469,46.0000,0.0228969636635,p2@SERPINA10,51156,15996,Q9UK55,SERPINA10,"serpin family A member 10","gene with protein product"
897,T041700,t078462,46.0000,0.0228969636635,p2@SERPINA10,51156,15996,Q9UK55,SERPINA10,"serpin family A member 10","gene with protein product"
898,T041700,t172696,45.0000,0.0224438902743,p2@SERPINA10,51156,15996,Q9UK55,SERPINA10,"serpin family A member 10","gene with protein product"
899,T041700,t086052,45.0000,0.0224215246637,p2@SERPINA10,51156,15996,Q9UK55,SERPINA10,"serpin family A member 10","gene with protein product"
900,T007462,t041700,45.0000,0.0224103585657,p9@MAT1A,4143,6903,Q00266,MAT1A,"methionine adenosyltransferase 1A","gene with protein product"
901,T041700,t162695,45.0000,0.022376926902,p2@SERPINA10,51156,15996,Q9UK55,SERPINA10,"serpin family A member 10","gene with protein product"
902,T041700,t178722,44.0000,0.0219670494259,p2@SERPINA10,51156,15996,Q9UK55,SERPINA10,"serpin family A member 10","gene with protein product"
903,T041700,t061975,44.0000,0.0219014435042,p2@SERPINA10,51156,15996,Q9UK55,SERPINA10,"serpin family A member 10","gene with protein product"
904,T041700,t100553,43.0000,0.0214463840399,p2@SERPINA10,51156,15996,Q9UK55,SERPINA10,"serpin family A member 10","gene with protein product"
905,T041700,t088010,43.0000,0.0214036834246,p2@SERPINA10,51156,15996,Q9UK55,SERPINA10,"serpin family A member 10","gene with protein product"
906,T041700,t070980,43.0000,0.0213717693837,p2@SERPINA10,51156,15996,Q9UK55,SERPINA10,"serpin family A member 10","gene with protein product"
907,T041700,t118062,43.0000,0.0213611525087,p2@SERPINA10,51156,15996,Q9UK55,SERPINA10,"serpin family A member 10","gene with protein product"
908,T041700,t172605,43.0000,0.0213505461768,p2@SERPINA10,51156,15996,Q9UK55,SERPINA10,"serpin family A member 10","gene with protein product"
909,T041700,t085830,42.0000,0.0209476309227,p2@SERPINA10,51156,15996,Q9UK55,SERPINA10,"serpin family A member 10","gene with protein product"
910,T041700,t118075,42.0000,0.0209267563528,p2@SERPINA10,51156,15996,Q9UK55,SERPINA10,"serpin family A member 10","gene with protein product"
911,T041700,t066240,42.0000,0.0209163346614,p2@SERPINA10,51156,15996,Q9UK55,SERPINA10,"serpin family A member 10","gene with protein product"
912,T015244,t041700,42.0000,0.0209059233449,p5@GLYATL1,92292,30519,E9PR27,GLYATL1,"glycine-N-acyltransferase like 1","gene with protein product"
913,T041700,t132639,42.0000,0.0208955223881,p2@SERPINA10,51156,15996,Q9UK55,SERPINA10,"serpin family A member 10","gene with protein product"
914,T041700,t180113,42.0000,0.0208955223881,p2@SERPINA10,51156,15996,Q9UK55,SERPINA10,"serpin family A member 10","gene with protein product"
915,T041700,t078609,41.0000,0.0204183266932,p2@SERPINA10,51156,15996,Q9UK55,SERPINA10,"serpin family A member 10","gene with protein product"
916,T041700,t118134,41.0000,0.0204183266932,p2@SERPINA10,51156,15996,Q9UK55,SERPINA10,"serpin family A member 10","gene with protein product"
917,T041700,t076244,41.0000,0.0204081632653,p2@SERPINA10,51156,15996,Q9UK55,SERPINA10,"serpin family A member 10","gene with protein product"
918,T041700,t144882,41.0000,0.0204081632653,p2@SERPINA10,51156,15996,Q9UK55,SERPINA10,"serpin family A member 10","gene with protein product"
919,T041700,t168712,41.0000,0.0204081632653,p2@SERPINA10,51156,15996,Q9UK55,SERPINA10,"serpin family A member 10","gene with protein product"
920,T041700,t050163,41.0000,0.020387866733,p2@SERPINA10,51156,15996,Q9UK55,SERPINA10,"serpin family A member 10","gene with protein product"
921,T041700,t118056,41.0000,0.020387866733,p2@SERPINA10,51156,15996,Q9UK55,SERPINA10,"serpin family A member 10","gene with protein product"
922,T041700,t075435,41.0000,0.020387866733,p2@SERPINA10,51156,15996,Q9UK55,SERPINA10,"serpin family A member 10","gene with protein product"
923,T041700,t055951,41.0000,0.0203777335984,p2@SERPINA10,51156,15996,Q9UK55,SERPINA10,"serpin family A member 10","gene with protein product"
924,T041700,t109775,41.0000,0.0203777335984,p2@SERPINA10,51156,15996,Q9UK55,SERPINA10,"serpin family A member 10","gene with protein product"
925,T041700,t102382,41.0000,0.0203676105315,p2@SERPINA10,51156,15996,Q9UK55,SERPINA10,"serpin family A member 10","gene with protein product"
926,T041700,t166013,41.0000,0.0203574975174,p2@SERPINA10,51156,15996,Q9UK55,SERPINA10,"serpin family A member 10","gene with protein product"
927,T041700,t092165,40.0000,0.0199600798403,p2@SERPINA10,51156,15996,Q9UK55,SERPINA10,"serpin family A member 10","gene with protein product"
928,T027813,t041700,40.0000,0.0199302441455,p3@AVPR1A,552,895,P37288,AVPR1A,"arginine vasopressin receptor 1A","gene with protein product"
929,T041700,t144930,40.0000,0.0199302441455,p2@SERPINA10,51156,15996,Q9UK55,SERPINA10,"serpin family A member 10","gene with protein product"
930,T041700,t159138,40.0000,0.0198807157058,p2@SERPINA10,51156,15996,Q9UK55,SERPINA10,"serpin family A member 10","gene with protein product"
931,T041700,t118088,40.0000,0.0198807157058,p2@SERPINA10,51156,15996,Q9UK55,SERPINA10,"serpin family A member 10","gene with protein product"
932,T041700,t118065,39.0000,0.0194416749751,p2@SERPINA10,51156,15996,Q9UK55,SERPINA10,"serpin family A member 10","gene with protein product"
933,T041700,t153782,39.0000,0.019422310757,p2@SERPINA10,51156,15996,Q9UK55,SERPINA10,"serpin family A member 10","gene with protein product"
934,T041700,t192811,38.0000,0.0189337319382,p2@SERPINA10,51156,15996,Q9UK55,SERPINA10,"serpin family A member 10","gene with protein product"
935,T041700,t166009,38.0000,0.0189337319382,p2@SERPINA10,51156,15996,Q9UK55,SERPINA10,"serpin family A member 10","gene with protein product"
936,T041700,t118059,38.0000,0.0188772975658,p2@SERPINA10,51156,15996,Q9UK55,SERPINA10,"serpin family A member 10","gene with protein product"
937,T041700,t173820,37.0000,0.0184722915627,p2@SERPINA10,51156,15996,Q9UK55,SERPINA10,"serpin family A member 10","gene with protein product"
938,T032606,t041700,37.0000,0.0184354758346,p15@FRY,10129,20367,,FRY,"FRY microtubule binding protein","gene with protein product"
939,T041700,t109456,37.0000,0.0184354758346,p2@SERPINA10,51156,15996,Q9UK55,SERPINA10,"serpin family A member 10","gene with protein product"
940,T041700,t049631,37.0000,0.0184171229467,p2@SERPINA10,51156,15996,Q9UK55,SERPINA10,"serpin family A member 10","gene with protein product"
941,T041700,t128531,37.0000,0.0183988065639,p2@SERPINA10,51156,15996,Q9UK55,SERPINA10,"serpin family A member 10","gene with protein product"
942,T041700,t132481,36.0000,0.0179372197309,p2@SERPINA10,51156,15996,Q9UK55,SERPINA10,"serpin family A member 10","gene with protein product"
943,T041700,t154116,36.0000,0.0179372197309,p2@SERPINA10,51156,15996,Q9UK55,SERPINA10,"serpin family A member 10","gene with protein product"
944,T041700,t126260,36.0000,0.0179193628671,p2@SERPINA10,51156,15996,Q9UK55,SERPINA10,"serpin family A member 10","gene with protein product"
945,T041700,t153783,35.0000,0.0174476570289,p2@SERPINA10,51156,15996,Q9UK55,SERPINA10,"serpin family A member 10","gene with protein product"
946,T041700,t164277,35.0000,0.0174389636273,p2@SERPINA10,51156,15996,Q9UK55,SERPINA10,"serpin family A member 10","gene with protein product"
947,T041700,t149564,35.0000,0.0174216027875,p2@SERPINA10,51156,15996,Q9UK55,SERPINA10,"serpin family A member 10","gene with protein product"
948,T041700,t150689,35.0000,0.0174129353234,p2@SERPINA10,51156,15996,Q9UK55,SERPINA10,"serpin family A member 10","gene with protein product"
949,T018053,t041700,35.0000,0.0174042764794,p7@IL18BP,10068,5987,O95998,IL18BP,"interleukin 18 binding protein","gene with protein product"
950,T037310,t041700,34.0000,0.0169322709163,p8@FITM1,161247,33714,A5D6W6,FITM1,"fat storage inducing transmembrane protein 1","gene with protein product"
951,T041700,t073124,34.0000,0.0169322709163,p2@SERPINA10,51156,15996,Q9UK55,SERPINA10,"serpin family A member 10","gene with protein product"
952,T041700,t105705,34.0000,0.0169238427078,p2@SERPINA10,51156,15996,Q9UK55,SERPINA10,"serpin family A member 10","gene with protein product"
953,T041700,t149540,34.0000,0.0169238427078,p2@SERPINA10,51156,15996,Q9UK55,SERPINA10,"serpin family A member 10","gene with protein product"
954,T041700,t089211,33.0000,0.01644245142,p2@SERPINA10,51156,15996,Q9UK55,SERPINA10,"serpin family A member 10","gene with protein product"
955,T041700,t145317,33.0000,0.0164342629482,p2@SERPINA10,51156,15996,Q9UK55,SERPINA10,"serpin family A member 10","gene with protein product"
956,T041700,t166010,33.0000,0.0164260826282,p2@SERPINA10,51156,15996,Q9UK55,SERPINA10,"serpin family A member 10","gene with protein product"
957,T041700,t157280,33.0000,0.0164260826282,p2@SERPINA10,51156,15996,Q9UK55,SERPINA10,"serpin family A member 10","gene with protein product"
958,T041700,t068002,33.0000,0.0164260826282,p2@SERPINA10,51156,15996,Q9UK55,SERPINA10,"serpin family A member 10","gene with protein product"
959,T041700,t135912,33.0000,0.0164260826282,p2@SERPINA10,51156,15996,Q9UK55,SERPINA10,"serpin family A member 10","gene with protein product"
960,T015270,t041700,33.0000,0.0164097463948,p4@DTX4,23220,29151,,DTX4,"deltex E3 ubiquitin ligase 4","gene with protein product"
961,T041700,t104814,33.0000,0.0164097463948,p2@SERPINA10,51156,15996,Q9UK55,SERPINA10,"serpin family A member 10","gene with protein product"
962,T041700,t134812,33.0000,0.0164097463948,p2@SERPINA10,51156,15996,Q9UK55,SERPINA10,"serpin family A member 10","gene with protein product"
963,T041700,t143941,32.0000,0.0159283225485,p2@SERPINA10,51156,15996,Q9UK55,SERPINA10,"serpin family A member 10","gene with protein product"
964,T041700,t145355,32.0000,0.01592039801,p2@SERPINA10,51156,15996,Q9UK55,SERPINA10,"serpin family A member 10","gene with protein product"
965,T041700,t144913,32.0000,0.01592039801,p2@SERPINA10,51156,15996,Q9UK55,SERPINA10,"serpin family A member 10","gene with protein product"
966,T041700,t062532,32.0000,0.0159124813526,p2@SERPINA10,51156,15996,Q9UK55,SERPINA10,"serpin family A member 10","gene with protein product"
967,T013622,t041700,31.0000,0.015438247012,p4@CSTF3,1479,2485,,CSTF3,"cleavage stimulation factor subunit 3","gene with protein product"
968,T041700,t049353,31.0000,0.0154305624689,p2@SERPINA10,51156,15996,Q9UK55,SERPINA10,"serpin family A member 10","gene with protein product"
969,T041700,t178513,31.0000,0.0154228855721,p2@SERPINA10,51156,15996,Q9UK55,SERPINA10,"serpin family A member 10","gene with protein product"
970,T041700,t089974,31.0000,0.0154228855721,p2@SERPINA10,51156,15996,Q9UK55,SERPINA10,"serpin family A member 10","gene with protein product"
971,T041700,t118117,31.0000,0.015407554672,p2@SERPINA10,51156,15996,Q9UK55,SERPINA10,"serpin family A member 10","gene with protein product"
972,T041700,t044599,31.0000,0.0153846153846,p2@SERPINA10,51156,15996,Q9UK55,SERPINA10,"serpin family A member 10","gene with protein product"
973,T027814,t041700,30.0000,0.0149625935162,p2@AVPR1A,552,895,P37288,AVPR1A,"arginine vasopressin receptor 1A","gene with protein product"
974,T041700,t145327,30.0000,0.0149328023892,p2@SERPINA10,51156,15996,Q9UK55,SERPINA10,"serpin family A member 10","gene with protein product"
975,T041700,t078871,30.0000,0.0149253731343,p2@SERPINA10,51156,15996,Q9UK55,SERPINA10,"serpin family A member 10","gene with protein product"
976,T041700,t044264,30.0000,0.014917951268,p2@SERPINA10,51156,15996,Q9UK55,SERPINA10,"serpin family A member 10","gene with protein product"
977,T041700,t118070,29.0000,0.0144494270055,p2@SERPINA10,51156,15996,Q9UK55,SERPINA10,"serpin family A member 10","gene with protein product"
978,T016634,t041700,29.0000,0.0144494270055,p4@HPX,3263,5171,,HPX,hemopexin,"gene with protein product"
979,T041700,t102428,29.0000,0.0144422310757,p2@SERPINA10,51156,15996,Q9UK55,SERPINA10,"serpin family A member 10","gene with protein product"
980,T041700,t170062,29.0000,0.0144278606965,p2@SERPINA10,51156,15996,Q9UK55,SERPINA10,"serpin family A member 10","gene with protein product"
981,T041700,t071796,28.0000,0.0139720558882,p2@SERPINA10,51156,15996,Q9UK55,SERPINA10,"serpin family A member 10","gene with protein product"
982,T041700,t182343,28.0000,0.0139581256231,p2@SERPINA10,51156,15996,Q9UK55,SERPINA10,"serpin family A member 10","gene with protein product"
983,T041700,t123009,28.0000,0.0139581256231,p2@SERPINA10,51156,15996,Q9UK55,SERPINA10,"serpin family A member 10","gene with protein product"
984,T041700,t089340,28.0000,0.0139581256231,p2@SERPINA10,51156,15996,Q9UK55,SERPINA10,"serpin family A member 10","gene with protein product"
985,T041700,t126262,28.0000,0.0139442231076,p2@SERPINA10,51156,15996,Q9UK55,SERPINA10,"serpin family A member 10","gene with protein product"
986,T041700,t177163,28.0000,0.0139442231076,p2@SERPINA10,51156,15996,Q9UK55,SERPINA10,"serpin family A member 10","gene with protein product"
987,T041700,t145348,28.0000,0.0139095876801,p2@SERPINA10,51156,15996,Q9UK55,SERPINA10,"serpin family A member 10","gene with protein product"
988,T041700,t149044,27.0000,0.0134529147982,p2@SERPINA10,51156,15996,Q9UK55,SERPINA10,"serpin family A member 10","gene with protein product"
989,T041700,t056561,27.0000,0.0134529147982,p2@SERPINA10,51156,15996,Q9UK55,SERPINA10,"serpin family A member 10","gene with protein product"
990,T041700,t084281,27.0000,0.0134462151394,p2@SERPINA10,51156,15996,Q9UK55,SERPINA10,"serpin family A member 10","gene with protein product"
991,T008368,t041700,27.0000,0.0134462151394,p3@CYP2C18,1562,2620,"Q4VAT5,P33260,Q7Z348",CYP2C18,"cytochrome P450 family 2 subfamily C member 18","gene with protein product"
992,T007460,t041700,27.0000,0.0134462151394,p2@MAT1A,4143,6903,,MAT1A,"methionine adenosyltransferase 1A","gene with protein product"
993,T041700,t073125,27.0000,0.0134462151394,p2@SERPINA10,51156,15996,Q9UK55,SERPINA10,"serpin family A member 10","gene with protein product"
994,T015140,t041700,27.0000,0.0134395221503,p17@SERPING1,710,1228,,SERPING1,"serpin family G member 1","gene with protein product"
995,T041700,t143726,27.0000,0.0133928571429,p2@SERPINA10,51156,15996,Q9UK55,SERPINA10,"serpin family A member 10","gene with protein product"
996,T041700,t118086,26.0000,0.0129224652087,p2@SERPINA10,51156,15996,Q9UK55,SERPINA10,"serpin family A member 10","gene with protein product"
997,T041700,t188762,25.0000,0.0124812780829,p2@SERPINA10,51156,15996,Q9UK55,SERPINA10,"serpin family A member 10","gene with protein product"
998,T041700,t198506,25.0000,0.0124750499002,p2@SERPINA10,51156,15996,Q9UK55,SERPINA10,"serpin family A member 10","gene with protein product"
999,T041700,t068242,25.0000,0.0124750499002,p2@SERPINA10,51156,15996,Q9UK55,SERPINA10,"serpin family A member 10","gene with protein product"
1000,T041700,t120276,25.0000,0.0124688279302,p2@SERPINA10,51156,15996,Q9UK55,SERPINA10,"serpin family A member 10","gene with protein product"
1001,T041700,t108467,25.0000,0.0124626121635,p2@SERPINA10,51156,15996,Q9UK55,SERPINA10,"serpin family A member 10","gene with protein product"
1002,T041700,t145347,25.0000,0.012444001991,p2@SERPINA10,51156,15996,Q9UK55,SERPINA10,"serpin family A member 10","gene with protein product"
1003,T041700,t129256,25.0000,0.012444001991,p2@SERPINA10,51156,15996,Q9UK55,SERPINA10,"serpin family A member 10","gene with protein product"
1004,T041700,t164094,25.0000,0.012444001991,p2@SERPINA10,51156,15996,Q9UK55,SERPINA10,"serpin family A member 10","gene with protein product"
1005,T041700,t058887,25.0000,0.012444001991,p2@SERPINA10,51156,15996,Q9UK55,SERPINA10,"serpin family A member 10","gene with protein product"
1006,T041700,t085531,25.0000,0.0124378109453,p2@SERPINA10,51156,15996,Q9UK55,SERPINA10,"serpin family A member 10","gene with protein product"
1007,T032382,t041700,25.0000,0.0124378109453,p2@SLC46A3,283537,27501,Q7Z3Q1,SLC46A3,"solute carrier family 46 member 3","gene with protein product"
1008,T041700,t149046,25.0000,0.0124316260567,p2@SERPINA10,51156,15996,Q9UK55,SERPINA10,"serpin family A member 10","gene with protein product"
1009,T041700,t172588,25.0000,0.0124069478908,p2@SERPINA10,51156,15996,Q9UK55,SERPINA10,"serpin family A member 10","gene with protein product"
1010,T041700,t044989,24.0000,0.011970074813,p2@SERPINA10,51156,15996,Q9UK55,SERPINA10,"serpin family A member 10","gene with protein product"
1011,T041700,t056573,24.0000,0.011964107677,p2@SERPINA10,51156,15996,Q9UK55,SERPINA10,"serpin family A member 10","gene with protein product"
1012,T041700,t118094,24.0000,0.011964107677,p2@SERPINA10,51156,15996,Q9UK55,SERPINA10,"serpin family A member 10","gene with protein product"
1013,T041700,t190942,24.0000,0.0119521912351,p2@SERPINA10,51156,15996,Q9UK55,SERPINA10,"serpin family A member 10","gene with protein product"
1014,T001403,t041700,24.0000,0.0119225037258,p3@ECHDC3,79746,23489,Q5W0J8,ECHDC3,"enoyl-CoA hydratase domain containing 3","gene with protein product"
1015,T041700,t056543,23.0000,0.0114656031904,p2@SERPINA10,51156,15996,Q9UK55,SERPINA10,"serpin family A member 10","gene with protein product"
1016,T041700,t145362,23.0000,0.0114656031904,p2@SERPINA10,51156,15996,Q9UK55,SERPINA10,"serpin family A member 10","gene with protein product"
1017,T041700,t178867,23.0000,0.0114656031904,p2@SERPINA10,51156,15996,Q9UK55,SERPINA10,"serpin family A member 10","gene with protein product"
1018,T041700,t118132,23.0000,0.0114484818318,p2@SERPINA10,51156,15996,Q9UK55,SERPINA10,"serpin family A member 10","gene with protein product"
1019,T041700,t070940,22.0000,0.010989010989,p2@SERPINA10,51156,15996,Q9UK55,SERPINA10,"serpin family A member 10","gene with protein product"
1020,T041700,t120670,22.0000,0.0109561752988,p2@SERPINA10,51156,15996,Q9UK55,SERPINA10,"serpin family A member 10","gene with protein product"
1021,T041700,t062264,22.0000,0.0109561752988,p2@SERPINA10,51156,15996,Q9UK55,SERPINA10,"serpin family A member 10","gene with protein product"
1022,T041700,t075438,22.0000,0.0109507217521,p2@SERPINA10,51156,15996,Q9UK55,SERPINA10,"serpin family A member 10","gene with protein product"
1023,T027251,t041700,22.0000,0.0109452736318,p1@RDH16,8608,29674,O75452,RDH16,"retinol dehydrogenase 16 (all-trans)","gene with protein product"
1024,T041700,t060029,22.0000,0.0109398309299,p2@SERPINA10,51156,15996,Q9UK55,SERPINA10,"serpin family A member 10","gene with protein product"
1025,T041700,t095633,21.0000,0.0104685942173,p2@SERPINA10,51156,15996,Q9UK55,SERPINA10,"serpin family A member 10","gene with protein product"
1026,T041700,t182334,21.0000,0.0104685942173,p2@SERPINA10,51156,15996,Q9UK55,SERPINA10,"serpin family A member 10","gene with protein product"
1027,T041700,t095367,21.0000,0.0104685942173,p2@SERPINA10,51156,15996,Q9UK55,SERPINA10,"serpin family A member 10","gene with protein product"
1028,T010071,t041700,21.0000,0.0104633781764,p3@APOC3,345,610,P02656,APOC3,"apolipoprotein C3","gene with protein product"
1029,T015129,t041700,21.0000,0.0104529616725,p10@SERPING1,710,1228,P05155,SERPING1,"serpin family G member 1","gene with protein product"
1030,T041700,t116670,21.0000,0.010447761194,p2@SERPINA10,51156,15996,Q9UK55,SERPINA10,"serpin family A member 10","gene with protein product"
1031,T041700,t095364,21.0000,0.010447761194,p2@SERPINA10,51156,15996,Q9UK55,SERPINA10,"serpin family A member 10","gene with protein product"
1032,T041700,t152716,21.0000,0.0104425658876,p2@SERPINA10,51156,15996,Q9UK55,SERPINA10,"serpin family A member 10","gene with protein product"
1033,T041700,t145330,21.0000,0.0104321907601,p2@SERPINA10,51156,15996,Q9UK55,SERPINA10,"serpin family A member 10","gene with protein product"
1034,T041700,t145367,21.0000,0.0104218362283,p2@SERPINA10,51156,15996,Q9UK55,SERPINA10,"serpin family A member 10","gene with protein product"
1035,T041700,t152735,20.0000,0.00997008973081,p2@SERPINA10,51156,15996,Q9UK55,SERPINA10,"serpin family A member 10","gene with protein product"
1036,T041700,t078983,20.0000,0.00997008973081,p2@SERPINA10,51156,15996,Q9UK55,SERPINA10,"serpin family A member 10","gene with protein product"
1037,T041700,t138555,20.0000,0.00994530084535,p2@SERPINA10,51156,15996,Q9UK55,SERPINA10,"serpin family A member 10","gene with protein product"
1038,T041700,t164267,20.0000,0.00993541977149,p2@SERPINA10,51156,15996,Q9UK55,SERPINA10,"serpin family A member 10","gene with protein product"
1039,T041700,t056067,19.0000,0.00948103792415,p2@SERPINA10,51156,15996,Q9UK55,SERPINA10,"serpin family A member 10","gene with protein product"
1040,T041700,t118127,19.0000,0.00947158524427,p2@SERPINA10,51156,15996,Q9UK55,SERPINA10,"serpin family A member 10","gene with protein product"
1041,T041700,t153716,19.0000,0.00947158524427,p2@SERPINA10,51156,15996,Q9UK55,SERPINA10,"serpin family A member 10","gene with protein product"
1042,T041700,t062317,19.0000,0.00946215139442,p2@SERPINA10,51156,15996,Q9UK55,SERPINA10,"serpin family A member 10","gene with protein product"
1043,T041700,t170436,19.0000,0.00945744151319,p2@SERPINA10,51156,15996,Q9UK55,SERPINA10,"serpin family A member 10","gene with protein product"
1044,T041700,t089896,18.0000,0.00899100899101,p2@SERPINA10,51156,15996,Q9UK55,SERPINA10,"serpin family A member 10","gene with protein product"
1045,T041700,t059066,18.0000,0.00899100899101,p2@SERPINA10,51156,15996,Q9UK55,SERPINA10,"serpin family A member 10","gene with protein product"
1046,T041700,t145365,18.0000,0.00898652021967,p2@SERPINA10,51156,15996,Q9UK55,SERPINA10,"serpin family A member 10","gene with protein product"
1047,T007466,t041700,18.0000,0.00898652021967,p5@MAT1A,4143,6903,Q00266,MAT1A,"methionine adenosyltransferase 1A","gene with protein product"
1048,T041700,t145368,18.0000,0.00897755610973,p2@SERPINA10,51156,15996,Q9UK55,SERPINA10,"serpin family A member 10","gene with protein product"
1049,T041700,t128869,18.0000,0.00897755610973,p2@SERPINA10,51156,15996,Q9UK55,SERPINA10,"serpin family A member 10","gene with protein product"
1050,T041700,t118087,18.0000,0.00897755610973,p2@SERPINA10,51156,15996,Q9UK55,SERPINA10,"serpin family A member 10","gene with protein product"
1051,T041700,t114250,18.0000,0.00897308075773,p2@SERPINA10,51156,15996,Q9UK55,SERPINA10,"serpin family A member 10","gene with protein product"
1052,T041700,t131906,18.0000,0.00897308075773,p2@SERPINA10,51156,15996,Q9UK55,SERPINA10,"serpin family A member 10","gene with protein product"
1053,T041700,t069247,18.0000,0.00896860986547,p2@SERPINA10,51156,15996,Q9UK55,SERPINA10,"serpin family A member 10","gene with protein product"
1054,T041700,t066239,18.0000,0.00896860986547,p2@SERPINA10,51156,15996,Q9UK55,SERPINA10,"serpin family A member 10","gene with protein product"
1055,T037311,t041700,18.0000,0.00896860986547,p10@FITM1,161247,33714,A5D6W6,FITM1,"fat storage inducing transmembrane protein 1","gene with protein product"
1056,T041700,t068786,18.0000,0.00896860986547,p2@SERPINA10,51156,15996,Q9UK55,SERPINA10,"serpin family A member 10","gene with protein product"
1057,T041700,t183197,18.0000,0.00896414342629,p2@SERPINA10,51156,15996,Q9UK55,SERPINA10,"serpin family A member 10","gene with protein product"
1058,T041700,t158361,18.0000,0.00896414342629,p2@SERPINA10,51156,15996,Q9UK55,SERPINA10,"serpin family A member 10","gene with protein product"
1059,T018464,t041700,18.0000,0.00896414342629,p8@SLCO2B1,11309,10962,"E7ERN5,C7BWB6,E9PIU9,B4DGA9,O94956",SLCO2B1,"solute carrier organic anion transporter family member 2B1","gene with protein product"
1060,T005184,t041700,18.0000,0.00896414342629,p1@AKR1CL1,,23469,C9J5T8,AKR1C8P,"aldo-keto reductase family 1 member C8, pseudogene",pseudogene
1061,T019500,t041700,18.0000,0.00896414342629,p13@CHID1,66005,28474,E9PIP0,CHID1,"chitinase domain containing 1","gene with protein product"
1062,T041700,t107080,18.0000,0.00895968143355,p2@SERPINA10,51156,15996,Q9UK55,SERPINA10,"serpin family A member 10","gene with protein product"
1063,T041700,t118113,18.0000,0.00895968143355,p2@SERPINA10,51156,15996,Q9UK55,SERPINA10,"serpin family A member 10","gene with protein product"
1064,T041700,t121590,18.0000,0.00895968143355,p2@SERPINA10,51156,15996,Q9UK55,SERPINA10,"serpin family A member 10","gene with protein product"
1065,T041700,t188539,18.0000,0.0089552238806,p2@SERPINA10,51156,15996,Q9UK55,SERPINA10,"serpin family A member 10","gene with protein product"
1066,T028963,t041700,18.0000,0.0089552238806,p9@C1R,,1246,,C1R,"complement C1r","gene with protein product"
1067,T041700,t118122,18.0000,0.00895077076082,p2@SERPINA10,51156,15996,Q9UK55,SERPINA10,"serpin family A member 10","gene with protein product"
1068,T041700,t121589,18.0000,0.00894632206759,p2@SERPINA10,51156,15996,Q9UK55,SERPINA10,"serpin family A member 10","gene with protein product"
1069,T041700,t118096,18.0000,0.00894632206759,p2@SERPINA10,51156,15996,Q9UK55,SERPINA10,"serpin family A member 10","gene with protein product"
1070,T041700,t126726,17.0000,0.00846192135391,p2@SERPINA10,51156,15996,Q9UK55,SERPINA10,"serpin family A member 10","gene with protein product"
1071,T041700,t106272,16.0000,0.00798403193613,p2@SERPINA10,51156,15996,Q9UK55,SERPINA10,"serpin family A member 10","gene with protein product"
1072,T041700,t118119,16.0000,0.00798004987531,p2@SERPINA10,51156,15996,Q9UK55,SERPINA10,"serpin family A member 10","gene with protein product"
1073,T041700,t118091,16.0000,0.00797607178465,p2@SERPINA10,51156,15996,Q9UK55,SERPINA10,"serpin family A member 10","gene with protein product"
1074,T041700,t042204,16.0000,0.00797607178465,p2@SERPINA10,51156,15996,Q9UK55,SERPINA10,"serpin family A member 10","gene with protein product"
1075,T041700,t066241,16.0000,0.0079720976582,p2@SERPINA10,51156,15996,Q9UK55,SERPINA10,"serpin family A member 10","gene with protein product"
1076,T041700,t149043,16.0000,0.0079720976582,p2@SERPINA10,51156,15996,Q9UK55,SERPINA10,"serpin family A member 10","gene with protein product"
1077,T041700,t187964,16.0000,0.00796812749004,p2@SERPINA10,51156,15996,Q9UK55,SERPINA10,"serpin family A member 10","gene with protein product"
1078,T041700,t146828,16.0000,0.00795624067628,p2@SERPINA10,51156,15996,Q9UK55,SERPINA10,"serpin family A member 10","gene with protein product"
1079,T041700,t134609,16.0000,0.00794438927507,p2@SERPINA10,51156,15996,Q9UK55,SERPINA10,"serpin family A member 10","gene with protein product"
1080,T034877,t041700,15.0000,0.0074812967581,p12@FARP1,10160,3591,,FARP1,"FERM, ARH/RhoGEF and pleckstrin domain protein 1","gene with protein product"
1081,T041700,t102381,15.0000,0.00747756729811,p2@SERPINA10,51156,15996,Q9UK55,SERPINA10,"serpin family A member 10","gene with protein product"
1082,T041700,t142415,15.0000,0.00747756729811,p2@SERPINA10,51156,15996,Q9UK55,SERPINA10,"serpin family A member 10","gene with protein product"
1083,T041700,t168708,15.0000,0.00747756729811,p2@SERPINA10,51156,15996,Q9UK55,SERPINA10,"serpin family A member 10","gene with protein product"
1084,T041700,t173134,15.0000,0.00747756729811,p2@SERPINA10,51156,15996,Q9UK55,SERPINA10,"serpin family A member 10","gene with protein product"
1085,T041700,t152505,15.0000,0.00747384155456,p2@SERPINA10,51156,15996,Q9UK55,SERPINA10,"serpin family A member 10","gene with protein product"
1086,T041700,t187575,15.0000,0.00747384155456,p2@SERPINA10,51156,15996,Q9UK55,SERPINA10,"serpin family A member 10","gene with protein product"
1087,T041700,t087309,15.0000,0.00747384155456,p2@SERPINA10,51156,15996,Q9UK55,SERPINA10,"serpin family A member 10","gene with protein product"
1088,T012703,t041700,15.0000,0.00746640119462,p13@NAV2,89797,15997,,NAV2,"neuron navigator 2","gene with protein product"
1089,T041700,t094425,15.0000,0.00746640119462,p2@SERPINA10,51156,15996,Q9UK55,SERPINA10,"serpin family A member 10","gene with protein product"
1090,T041700,t159339,15.0000,0.00746640119462,p2@SERPINA10,51156,15996,Q9UK55,SERPINA10,"serpin family A member 10","gene with protein product"
1091,T023928,t041700,15.0000,0.00746268656716,p10@LDHB,3945,6541,F5H793,LDHB,"lactate dehydrogenase B","gene with protein product"
1092,T041700,t106056,15.0000,0.00746268656716,p2@SERPINA10,51156,15996,Q9UK55,SERPINA10,"serpin family A member 10","gene with protein product"
1093,T041700,t141587,15.0000,0.00746268656716,p2@SERPINA10,51156,15996,Q9UK55,SERPINA10,"serpin family A member 10","gene with protein product"
1094,T041700,t057395,15.0000,0.00746268656716,p2@SERPINA10,51156,15996,Q9UK55,SERPINA10,"serpin family A member 10","gene with protein product"
1095,T041700,t062528,15.0000,0.00746268656716,p2@SERPINA10,51156,15996,Q9UK55,SERPINA10,"serpin family A member 10","gene with protein product"
1096,T041700,t070900,15.0000,0.00746268656716,p2@SERPINA10,51156,15996,Q9UK55,SERPINA10,"serpin family A member 10","gene with protein product"
1097,T041700,t071791,15.0000,0.00745897563401,p2@SERPINA10,51156,15996,Q9UK55,SERPINA10,"serpin family A member 10","gene with protein product"
1098,T041700,t053669,15.0000,0.00745526838966,p2@SERPINA10,51156,15996,Q9UK55,SERPINA10,"serpin family A member 10","gene with protein product"
1099,T041700,t108489,15.0000,0.00745526838966,p2@SERPINA10,51156,15996,Q9UK55,SERPINA10,"serpin family A member 10","gene with protein product"
1100,T037416,t041700,15.0000,0.00745156482861,p1@CIDEB,27141,1977,,CIDEB,"cell death-inducing DFFA-like effector b","gene with protein product"
1101,T041700,t147723,15.0000,0.00745156482861,p2@SERPINA10,51156,15996,Q9UK55,SERPINA10,"serpin family A member 10","gene with protein product"
1102,T041700,t118057,13.0000,0.00648379052369,p2@SERPINA10,51156,15996,Q9UK55,SERPINA10,"serpin family A member 10","gene with protein product"
1103,T008311,t041700,13.0000,0.00648379052369,p1@RBP4,5950,9922,P02753,RBP4,"retinol binding protein 4","gene with protein product"
1104,T041700,t129271,13.0000,0.00648379052369,p2@SERPINA10,51156,15996,Q9UK55,SERPINA10,"serpin family A member 10","gene with protein product"
1105,T041700,t145328,13.0000,0.00648055832502,p2@SERPINA10,51156,15996,Q9UK55,SERPINA10,"serpin family A member 10","gene with protein product"
1106,T041700,t108491,13.0000,0.00647732934728,p2@SERPINA10,51156,15996,Q9UK55,SERPINA10,"serpin family A member 10","gene with protein product"
1107,T041700,t185777,13.0000,0.00647410358566,p2@SERPINA10,51156,15996,Q9UK55,SERPINA10,"serpin family A member 10","gene with protein product"
1108,T041700,t118085,13.0000,0.00647410358566,p2@SERPINA10,51156,15996,Q9UK55,SERPINA10,"serpin family A member 10","gene with protein product"
1109,T041700,t134817,13.0000,0.00647410358566,p2@SERPINA10,51156,15996,Q9UK55,SERPINA10,"serpin family A member 10","gene with protein product"
1110,T041700,t145557,13.0000,0.00647410358566,p2@SERPINA10,51156,15996,Q9UK55,SERPINA10,"serpin family A member 10","gene with protein product"
1111,T041700,t145352,13.0000,0.00647410358566,p2@SERPINA10,51156,15996,Q9UK55,SERPINA10,"serpin family A member 10","gene with protein product"
1112,T041700,t178861,13.0000,0.00647088103534,p2@SERPINA10,51156,15996,Q9UK55,SERPINA10,"serpin family A member 10","gene with protein product"
1113,T041700,t087571,13.0000,0.00646766169154,p2@SERPINA10,51156,15996,Q9UK55,SERPINA10,"serpin family A member 10","gene with protein product"
1114,T041700,t123598,13.0000,0.00644521566683,p2@SERPINA10,51156,15996,Q9UK55,SERPINA10,"serpin family A member 10","gene with protein product"
1115,T041700,t055950,12.0000,0.0059880239521,p2@SERPINA10,51156,15996,Q9UK55,SERPINA10,"serpin family A member 10","gene with protein product"
1116,T041700,t102388,12.0000,0.0059880239521,p2@SERPINA10,51156,15996,Q9UK55,SERPINA10,"serpin family A member 10","gene with protein product"
1117,T041700,t162162,12.0000,0.00598503740648,p2@SERPINA10,51156,15996,Q9UK55,SERPINA10,"serpin family A member 10","gene with protein product"
1118,T041700,t199852,12.0000,0.00598503740648,p2@SERPINA10,51156,15996,Q9UK55,SERPINA10,"serpin family A member 10","gene with protein product"
1119,T041700,t108243,12.0000,0.00598205383848,p2@SERPINA10,51156,15996,Q9UK55,SERPINA10,"serpin family A member 10","gene with protein product"
1120,T034845,t041700,12.0000,0.00598205383848,p6@MBNL2,10150,16746,,MBNL2,"muscleblind like splicing regulator 2","gene with protein product"
1121,T041700,t051085,12.0000,0.00598205383848,p2@SERPINA10,51156,15996,Q9UK55,SERPINA10,"serpin family A member 10","gene with protein product"
1122,T041700,t133615,12.0000,0.00597907324365,p2@SERPINA10,51156,15996,Q9UK55,SERPINA10,"serpin family A member 10","gene with protein product"
1123,T041700,t085834,12.0000,0.00597907324365,p2@SERPINA10,51156,15996,Q9UK55,SERPINA10,"serpin family A member 10","gene with protein product"
1124,T030592,t041700,12.0000,0.00597907324365,p1@AMDHD1,144193,28577,"Q96NU7,B3KVC5",AMDHD1,"amidohydrolase domain containing 1","gene with protein product"
1125,T041700,t182187,12.0000,0.00597907324365,p2@SERPINA10,51156,15996,Q9UK55,SERPINA10,"serpin family A member 10","gene with protein product"
1126,T041700,t107079,12.0000,0.00597907324365,p2@SERPINA10,51156,15996,Q9UK55,SERPINA10,"serpin family A member 10","gene with protein product"
1127,T041700,t190929,12.0000,0.00597609561753,p2@SERPINA10,51156,15996,Q9UK55,SERPINA10,"serpin family A member 10","gene with protein product"
1128,T041700,t145306,12.0000,0.00597609561753,p2@SERPINA10,51156,15996,Q9UK55,SERPINA10,"serpin family A member 10","gene with protein product"
1129,T041700,t106473,12.0000,0.00597609561753,p2@SERPINA10,51156,15996,Q9UK55,SERPINA10,"serpin family A member 10","gene with protein product"
1130,T041700,t182802,12.0000,0.00597609561753,p2@SERPINA10,51156,15996,Q9UK55,SERPINA10,"serpin family A member 10","gene with protein product"
1131,T041700,t082259,12.0000,0.00597609561753,p2@SERPINA10,51156,15996,Q9UK55,SERPINA10,"serpin family A member 10","gene with protein product"
1132,T041700,t111970,12.0000,0.0059731209557,p2@SERPINA10,51156,15996,Q9UK55,SERPINA10,"serpin family A member 10","gene with protein product"
1133,T041700,t047802,12.0000,0.0059731209557,p2@SERPINA10,51156,15996,Q9UK55,SERPINA10,"serpin family A member 10","gene with protein product"
1134,T028966,t041700,12.0000,0.0059731209557,p8@C1R,715,1246,,C1R,"complement C1r","gene with protein product"
1135,T035681,t041700,12.0000,0.00597014925373,p1@ASPG,374569,20123,Q86U10,ASPG,asparaginase,"gene with protein product"
1136,T008387,t041700,12.0000,0.00597014925373,p2@CYP2C8,1558,2622,F5H6I2,CYP2C8,"cytochrome P450 family 2 subfamily C member 8","gene with protein product"
1137,T041700,t151877,12.0000,0.00597014925373,p2@SERPINA10,51156,15996,Q9UK55,SERPINA10,"serpin family A member 10","gene with protein product"
1138,T041700,t134804,12.0000,0.00597014925373,p2@SERPINA10,51156,15996,Q9UK55,SERPINA10,"serpin family A member 10","gene with protein product"
1139,T036301,t041700,12.0000,0.00597014925373,"p2@ANG,p2@RNASE4","283,6038","483,10047","P03950,P34096,Q53XB4",ANG,angiogenin,"gene with protein product"
1140,T041700,t149045,12.0000,0.00596718050721,p2@SERPINA10,51156,15996,Q9UK55,SERPINA10,"serpin family A member 10","gene with protein product"
1141,T041700,t047005,12.0000,0.00596718050721,p2@SERPINA10,51156,15996,Q9UK55,SERPINA10,"serpin family A member 10","gene with protein product"
1142,T041700,t048528,12.0000,0.00596421471173,p2@SERPINA10,51156,15996,Q9UK55,SERPINA10,"serpin family A member 10","gene with protein product"
1143,T012231,t041700,12.0000,0.00596421471173,p1@FAM99B,100132464,32369,,FAM99B,"family with sequence similarity 99 member B (non-protein coding)","RNA, long non-coding"
1144,T041700,t152734,12.0000,0.00596125186289,p2@SERPINA10,51156,15996,Q9UK55,SERPINA10,"serpin family A member 10","gene with protein product"
1145,T012439,t041700,12.0000,0.00595238095238,p8@SAA1,6288,10513,P02735,SAA1,"serum amyloid A1","gene with protein product"
1146,T041700,t172367,10.0000,0.00499251123315,p2@SERPINA10,51156,15996,Q9UK55,SERPINA10,"serpin family A member 10","gene with protein product"
1147,T041700,t145724,10.0000,0.00499001996008,p2@SERPINA10,51156,15996,Q9UK55,SERPINA10,"serpin family A member 10","gene with protein product"
1148,T041700,t182791,10.0000,0.00499001996008,p2@SERPINA10,51156,15996,Q9UK55,SERPINA10,"serpin family A member 10","gene with protein product"
1149,T031595,t041700,10.0000,0.00498753117207,p2@PROZ,8858,9460,P22891,PROZ,"protein Z, vitamin K dependent plasma glycoprotein","gene with protein product"
1150,T041700,t050195,10.0000,0.00498753117207,p2@SERPINA10,51156,15996,Q9UK55,SERPINA10,"serpin family A member 10","gene with protein product"
1151,T041700,t145307,10.0000,0.0049850448654,p2@SERPINA10,51156,15996,Q9UK55,SERPINA10,"serpin family A member 10","gene with protein product"
1152,T041700,t050161,10.0000,0.0049850448654,p2@SERPINA10,51156,15996,Q9UK55,SERPINA10,"serpin family A member 10","gene with protein product"
1153,T016712,t041700,10.0000,0.00498256103637,p2@SYVN1,84447,20738,E9PK19,SYVN1,"synoviolin 1","gene with protein product"
1154,T000541,t041700,10.0000,0.00498007968127,p2@CYP17A1,1586,2593,,CYP17A1,"cytochrome P450 family 17 subfamily A member 1","gene with protein product"
1155,T041700,t165666,10.0000,0.00498007968127,p2@SERPINA10,51156,15996,Q9UK55,SERPINA10,"serpin family A member 10","gene with protein product"
1156,T041700,t189852,10.0000,0.00498007968127,p2@SERPINA10,51156,15996,Q9UK55,SERPINA10,"serpin family A member 10","gene with protein product"
1157,T041700,t172366,10.0000,0.00498007968127,p2@SERPINA10,51156,15996,Q9UK55,SERPINA10,"serpin family A member 10","gene with protein product"
1158,T041700,t084181,10.0000,0.00497760079642,p2@SERPINA10,51156,15996,Q9UK55,SERPINA10,"serpin family A member 10","gene with protein product"
1159,T041700,t145558,10.0000,0.00497760079642,p2@SERPINA10,51156,15996,Q9UK55,SERPINA10,"serpin family A member 10","gene with protein product"
1160,T041700,t054851,10.0000,0.00497512437811,p2@SERPINA10,51156,15996,Q9UK55,SERPINA10,"serpin family A member 10","gene with protein product"
1161,T041700,t168713,10.0000,0.00497512437811,p2@SERPINA10,51156,15996,Q9UK55,SERPINA10,"serpin family A member 10","gene with protein product"
1162,T041700,t084771,10.0000,0.00497512437811,p2@SERPINA10,51156,15996,Q9UK55,SERPINA10,"serpin family A member 10","gene with protein product"
1163,T025293,t041700,10.0000,0.00497512437811,p4@SLC38A4,55089,14679,Q969I6,SLC38A4,"solute carrier family 38 member 4","gene with protein product"
1164,T041700,t166909,10.0000,0.00496524329692,p2@SERPINA10,51156,15996,Q9UK55,SERPINA10,"serpin family A member 10","gene with protein product"
1165,T041700,t155755,9.0000,0.0044955044955,p2@SERPINA10,51156,15996,Q9UK55,SERPINA10,"serpin family A member 10","gene with protein product"
1166,T041700,t145312,9.0000,0.00449101796407,p2@SERPINA10,51156,15996,Q9UK55,SERPINA10,"serpin family A member 10","gene with protein product"
1167,T039615,t041700,9.0000,0.00449101796407,p1@GPX2,,4554,"G3V323,G3V4J6",GPX2,"glutathione peroxidase 2","gene with protein product"
1168,T041700,t158733,9.0000,0.00448877805486,p2@SERPINA10,51156,15996,Q9UK55,SERPINA10,"serpin family A member 10","gene with protein product"
1169,T041700,t149568,9.0000,0.00448877805486,p2@SERPINA10,51156,15996,Q9UK55,SERPINA10,"serpin family A member 10","gene with protein product"
1170,T041700,t145353,9.0000,0.00448877805486,p2@SERPINA10,51156,15996,Q9UK55,SERPINA10,"serpin family A member 10","gene with protein product"
1171,T010401,t041700,9.0000,0.00448654037886,p1@TTC36,143941,33708,"A6NLP5,E9PNF0,B7ZW72",TTC36,"tetratricopeptide repeat domain 36","gene with protein product"
1172,T041700,t118139,9.0000,0.00448654037886,p2@SERPINA10,51156,15996,Q9UK55,SERPINA10,"serpin family A member 10","gene with protein product"
1173,T041700,t063331,9.0000,0.00448654037886,p2@SERPINA10,51156,15996,Q9UK55,SERPINA10,"serpin family A member 10","gene with protein product"
1174,T000366,t041700,9.0000,0.00448430493274,p2@C10orf76,79591,25788,"Q5T2E7,Q5T2E6",C10orf76,"chromosome 10 open reading frame 76","gene with protein product"
1175,T041700,t118092,9.0000,0.00448430493274,p2@SERPINA10,51156,15996,Q9UK55,SERPINA10,"serpin family A member 10","gene with protein product"
1176,T041700,t074449,9.0000,0.00448430493274,p2@SERPINA10,51156,15996,Q9UK55,SERPINA10,"serpin family A member 10","gene with protein product"
1177,T041700,t148674,9.0000,0.00448430493274,p2@SERPINA10,51156,15996,Q9UK55,SERPINA10,"serpin family A member 10","gene with protein product"
1178,T041700,t046465,9.0000,0.00448430493274,p2@SERPINA10,51156,15996,Q9UK55,SERPINA10,"serpin family A member 10","gene with protein product"
1179,T041700,t112436,9.0000,0.00448207171315,p2@SERPINA10,51156,15996,Q9UK55,SERPINA10,"serpin family A member 10","gene with protein product"
1180,T030363,t041700,9.0000,0.00448207171315,p2@PZP,5858,9750,P20742,PZP,"PZP, alpha-2-macroglobulin like","gene with protein product"
1181,T041700,t130489,9.0000,0.00448207171315,p2@SERPINA10,51156,15996,Q9UK55,SERPINA10,"serpin family A member 10","gene with protein product"
1182,T030362,t041700,9.0000,0.00448207171315,p1@PZP,5858,9750,P20742,PZP,"PZP, alpha-2-macroglobulin like","gene with protein product"
1183,T041700,t145301,9.0000,0.00448207171315,p2@SERPINA10,51156,15996,Q9UK55,SERPINA10,"serpin family A member 10","gene with protein product"
1184,T006718,t041700,9.0000,0.00448207171315,p2@PLA2G12B,84647,18555,Q9BX93,PLA2G12B,"phospholipase A2 group XIIB","gene with protein product"
1185,T041700,t088266,9.0000,0.00448207171315,p2@SERPINA10,51156,15996,Q9UK55,SERPINA10,"serpin family A member 10","gene with protein product"
1186,T041700,t045612,9.0000,0.00448207171315,p2@SERPINA10,51156,15996,Q9UK55,SERPINA10,"serpin family A member 10","gene with protein product"
1187,T041700,t089534,9.0000,0.00448207171315,p2@SERPINA10,51156,15996,Q9UK55,SERPINA10,"serpin family A member 10","gene with protein product"
1188,T041700,t122985,9.0000,0.00448207171315,p2@SERPINA10,51156,15996,Q9UK55,SERPINA10,"serpin family A member 10","gene with protein product"
1189,T041700,t146762,9.0000,0.00447984071677,p2@SERPINA10,51156,15996,Q9UK55,SERPINA10,"serpin family A member 10","gene with protein product"
1190,T041700,t054371,9.0000,0.00447984071677,p2@SERPINA10,51156,15996,Q9UK55,SERPINA10,"serpin family A member 10","gene with protein product"
1191,T041700,t160941,9.0000,0.00447984071677,p2@SERPINA10,51156,15996,Q9UK55,SERPINA10,"serpin family A member 10","gene with protein product"
1192,T041700,t070941,9.0000,0.00447984071677,p2@SERPINA10,51156,15996,Q9UK55,SERPINA10,"serpin family A member 10","gene with protein product"
1193,T006999,t041700,9.0000,0.00447984071677,p4@ITIH2,3698,6167,P19823,ITIH2,"inter-alpha-trypsin inhibitor heavy chain 2","gene with protein product"
1194,T041700,t165455,9.0000,0.00447984071677,p2@SERPINA10,51156,15996,Q9UK55,SERPINA10,"serpin family A member 10","gene with protein product"
1195,T041700,t184696,9.0000,0.00447984071677,p2@SERPINA10,51156,15996,Q9UK55,SERPINA10,"serpin family A member 10","gene with protein product"
1196,T041700,t142965,9.0000,0.00447984071677,p2@SERPINA10,51156,15996,Q9UK55,SERPINA10,"serpin family A member 10","gene with protein product"
1197,T024677,t041700,9.0000,0.00447984071677,p5@SLC6A12,6539,11045,P48065,SLC6A12,"solute carrier family 6 member 12","gene with protein product"
1198,T041700,t075437,9.0000,0.00447984071677,p2@SERPINA10,51156,15996,Q9UK55,SERPINA10,"serpin family A member 10","gene with protein product"
1199,T032069,t041700,9.0000,0.0044776119403,p8@SPATA13,221178,23222,Q96N96,SPATA13,"spermatogenesis associated 13","gene with protein product"
1200,T041700,t100951,9.0000,0.0044776119403,p2@SERPINA10,51156,15996,Q9UK55,SERPINA10,"serpin family A member 10","gene with protein product"
1201,T041700,t107161,9.0000,0.0044776119403,p2@SERPINA10,51156,15996,Q9UK55,SERPINA10,"serpin family A member 10","gene with protein product"
1202,T041700,t107856,9.0000,0.0044776119403,p2@SERPINA10,51156,15996,Q9UK55,SERPINA10,"serpin family A member 10","gene with protein product"
1203,T012202,t041700,9.0000,0.0044776119403,p1@FAM99A,,32368,,FAM99A,"family with sequence similarity 99 member A (non-protein coding)","RNA, long non-coding"
1204,T027147,t041700,9.0000,0.0044776119403,p1@SPRYD4,283377,27468,B4DUC9,SPRYD4,"SPRY domain containing 4","gene with protein product"
1205,T041700,t134813,9.0000,0.00447538538041,p2@SERPINA10,51156,15996,Q9UK55,SERPINA10,"serpin family A member 10","gene with protein product"
1206,T041700,t129270,9.0000,0.00447538538041,p2@SERPINA10,51156,15996,Q9UK55,SERPINA10,"serpin family A member 10","gene with protein product"
1207,T023857,t041700,9.0000,0.00447538538041,p2@SLCO1B3,28234,10961,Q9NPD5,SLCO1B3,"solute carrier organic anion transporter family member 1B3","gene with protein product"
1208,T041700,t145337,9.0000,0.00447538538041,p2@SERPINA10,51156,15996,Q9UK55,SERPINA10,"serpin family A member 10","gene with protein product"
1209,T041700,t068318,9.0000,0.00447538538041,p2@SERPINA10,51156,15996,Q9UK55,SERPINA10,"serpin family A member 10","gene with protein product"
1210,T041700,t182741,9.0000,0.00447538538041,p2@SERPINA10,51156,15996,Q9UK55,SERPINA10,"serpin family A member 10","gene with protein product"
1211,T041700,t118118,9.0000,0.0044731610338,p2@SERPINA10,51156,15996,Q9UK55,SERPINA10,"serpin family A member 10","gene with protein product"
1212,T041700,t196173,9.0000,0.0044731610338,p2@SERPINA10,51156,15996,Q9UK55,SERPINA10,"serpin family A member 10","gene with protein product"
1213,T041700,t109353,9.0000,0.0044731610338,p2@SERPINA10,51156,15996,Q9UK55,SERPINA10,"serpin family A member 10","gene with protein product"
1214,T041700,t136291,9.0000,0.00447093889717,p2@SERPINA10,51156,15996,Q9UK55,SERPINA10,"serpin family A member 10","gene with protein product"
1215,T036949,t041700,9.0000,0.00447093889717,p6@AJUBA,84962,20250,G3V5F5,AJUBA,"ajuba LIM protein","gene with protein product"
1216,T041700,t103475,9.0000,0.00447093889717,p2@SERPINA10,51156,15996,Q9UK55,SERPINA10,"serpin family A member 10","gene with protein product"
1217,T041700,t165931,9.0000,0.00447093889717,p2@SERPINA10,51156,15996,Q9UK55,SERPINA10,"serpin family A member 10","gene with protein product"
1218,T041700,t054852,9.0000,0.00446871896723,p2@SERPINA10,51156,15996,Q9UK55,SERPINA10,"serpin family A member 10","gene with protein product"
1219,T041700,t162694,9.0000,0.00446871896723,p2@SERPINA10,51156,15996,Q9UK55,SERPINA10,"serpin family A member 10","gene with protein product"
1220,T030596,t041700,7.0000,0.00348779272546,p3@HAL,3034,4806,"F5H1U5,Q4VB95,P42357",HAL,"histidine ammonia-lyase","gene with protein product"
1221,T019504,t041700,7.0000,0.00348779272546,p12@CHID1,66005,28474,"Q9BWS9,E9PRL3",CHID1,"chitinase domain containing 1","gene with protein product"
1222,T041700,t093345,7.0000,0.00348779272546,p2@SERPINA10,51156,15996,Q9UK55,SERPINA10,"serpin family A member 10","gene with protein product"
1223,T041700,t144943,7.0000,0.00348605577689,p2@SERPINA10,51156,15996,Q9UK55,SERPINA10,"serpin family A member 10","gene with protein product"
1224,T041700,t200474,7.0000,0.00348605577689,p2@SERPINA10,51156,15996,Q9UK55,SERPINA10,"serpin family A member 10","gene with protein product"
1225,T041700,t044671,7.0000,0.00348432055749,p2@SERPINA10,51156,15996,Q9UK55,SERPINA10,"serpin family A member 10","gene with protein product"
1226,T041700,t165930,7.0000,0.00348258706468,p2@SERPINA10,51156,15996,Q9UK55,SERPINA10,"serpin family A member 10","gene with protein product"
1227,T041700,t041788,7.0000,0.00347912524851,p2@SERPINA10,51156,15996,Q9UK55,SERPINA10,"serpin family A member 10","gene with protein product"
1228,T037415,t041700,7.0000,0.00347739692002,p10@CIDEB,27141,1977,,CIDEB,"cell death-inducing DFFA-like effector b","gene with protein product"
1229,T041700,t056493,6.0000,0.00299550673989,p2@SERPINA10,51156,15996,Q9UK55,SERPINA10,"serpin family A member 10","gene with protein product"
1230,T041700,t196574,6.0000,0.00299550673989,p2@SERPINA10,51156,15996,Q9UK55,SERPINA10,"serpin family A member 10","gene with protein product"
1231,T041700,t190943,6.0000,0.00299401197605,p2@SERPINA10,51156,15996,Q9UK55,SERPINA10,"serpin family A member 10","gene with protein product"
1232,T041700,t178526,6.0000,0.00299401197605,p2@SERPINA10,51156,15996,Q9UK55,SERPINA10,"serpin family A member 10","gene with protein product"
1233,T041700,t049626,6.0000,0.00299401197605,p2@SERPINA10,51156,15996,Q9UK55,SERPINA10,"serpin family A member 10","gene with protein product"
1234,T041700,t121621,6.0000,0.00299401197605,p2@SERPINA10,51156,15996,Q9UK55,SERPINA10,"serpin family A member 10","gene with protein product"
1235,T041700,t182740,6.0000,0.00299401197605,p2@SERPINA10,51156,15996,Q9UK55,SERPINA10,"serpin family A member 10","gene with protein product"
1236,T019498,t041700,6.0000,0.00299251870324,p7@CHID1,66005,28474,E9PJ91,CHID1,"chitinase domain containing 1","gene with protein product"
1237,T041700,t182152,6.0000,0.00299251870324,p2@SERPINA10,51156,15996,Q9UK55,SERPINA10,"serpin family A member 10","gene with protein product"
1238,T041700,t142655,6.0000,0.00299251870324,p2@SERPINA10,51156,15996,Q9UK55,SERPINA10,"serpin family A member 10","gene with protein product"
1239,T041700,t062530,6.0000,0.00299102691924,p2@SERPINA10,51156,15996,Q9UK55,SERPINA10,"serpin family A member 10","gene with protein product"
1240,T041700,t043791,6.0000,0.00299102691924,p2@SERPINA10,51156,15996,Q9UK55,SERPINA10,"serpin family A member 10","gene with protein product"
1241,T041700,t106474,6.0000,0.00299102691924,p2@SERPINA10,51156,15996,Q9UK55,SERPINA10,"serpin family A member 10","gene with protein product"
1242,T041700,t070779,6.0000,0.00299102691924,p2@SERPINA10,51156,15996,Q9UK55,SERPINA10,"serpin family A member 10","gene with protein product"
1243,T041700,t122172,6.0000,0.00299102691924,p2@SERPINA10,51156,15996,Q9UK55,SERPINA10,"serpin family A member 10","gene with protein product"
1244,T041700,t190958,6.0000,0.00299102691924,p2@SERPINA10,51156,15996,Q9UK55,SERPINA10,"serpin family A member 10","gene with protein product"
1245,T041700,t088805,6.0000,0.00299102691924,p2@SERPINA10,51156,15996,Q9UK55,SERPINA10,"serpin family A member 10","gene with protein product"
1246,T005303,t041700,6.0000,0.00299102691924,p1@MBL2,4153,6922,,MBL2,"mannose binding lectin 2","gene with protein product"
1247,T041700,t140043,6.0000,0.00299102691924,p2@SERPINA10,51156,15996,Q9UK55,SERPINA10,"serpin family A member 10","gene with protein product"
1248,T037417,t041700,6.0000,0.00299102691924,p3@CIDEB,27141,1977,,CIDEB,"cell death-inducing DFFA-like effector b","gene with protein product"
1249,T041700,t121616,6.0000,0.00298953662182,p2@SERPINA10,51156,15996,Q9UK55,SERPINA10,"serpin family A member 10","gene with protein product"
1250,T041700,t118183,6.0000,0.00298953662182,p2@SERPINA10,51156,15996,Q9UK55,SERPINA10,"serpin family A member 10","gene with protein product"
1251,T041700,t116671,6.0000,0.00298953662182,p2@SERPINA10,51156,15996,Q9UK55,SERPINA10,"serpin family A member 10","gene with protein product"
1252,T041700,t201580,6.0000,0.00298953662182,p2@SERPINA10,51156,15996,Q9UK55,SERPINA10,"serpin family A member 10","gene with protein product"
1253,T041700,t183766,6.0000,0.00298953662182,p2@SERPINA10,51156,15996,Q9UK55,SERPINA10,"serpin family A member 10","gene with protein product"
1254,T028980,t041700,6.0000,0.00298953662182,p4@C1R,,1246,F5H3A3,C1R,"complement C1r","gene with protein product"
1255,T041700,t159775,6.0000,0.00298953662182,p2@SERPINA10,51156,15996,Q9UK55,SERPINA10,"serpin family A member 10","gene with protein product"
1256,T041700,t118061,6.0000,0.00298953662182,p2@SERPINA10,51156,15996,Q9UK55,SERPINA10,"serpin family A member 10","gene with protein product"
1257,T041700,t145302,6.0000,0.00298953662182,p2@SERPINA10,51156,15996,Q9UK55,SERPINA10,"serpin family A member 10","gene with protein product"
1258,T041700,t134803,6.0000,0.00298953662182,p2@SERPINA10,51156,15996,Q9UK55,SERPINA10,"serpin family A member 10","gene with protein product"
1259,T041700,t110460,6.0000,0.00298804780876,p2@SERPINA10,51156,15996,Q9UK55,SERPINA10,"serpin family A member 10","gene with protein product"
1260,T013040,t041700,6.0000,0.00298804780876,p6@GAS2,2620,4167,O43903,GAS2,"growth arrest specific 2","gene with protein product"
1261,T041700,t156205,6.0000,0.00298804780876,p2@SERPINA10,51156,15996,Q9UK55,SERPINA10,"serpin family A member 10","gene with protein product"
1262,T041700,t200398,6.0000,0.00298804780876,p2@SERPINA10,51156,15996,Q9UK55,SERPINA10,"serpin family A member 10","gene with protein product"
1263,T041700,t129842,6.0000,0.00298804780876,p2@SERPINA10,51156,15996,Q9UK55,SERPINA10,"serpin family A member 10","gene with protein product"
1264,T041700,t089753,6.0000,0.00298804780876,p2@SERPINA10,51156,15996,Q9UK55,SERPINA10,"serpin family A member 10","gene with protein product"
1265,T041700,t145361,6.0000,0.00298804780876,p2@SERPINA10,51156,15996,Q9UK55,SERPINA10,"serpin family A member 10","gene with protein product"
1266,T041700,t178518,6.0000,0.00298804780876,p2@SERPINA10,51156,15996,Q9UK55,SERPINA10,"serpin family A member 10","gene with protein product"
1267,T041700,t143542,6.0000,0.00298804780876,p2@SERPINA10,51156,15996,Q9UK55,SERPINA10,"serpin family A member 10","gene with protein product"
1268,T041700,t088804,6.0000,0.00298804780876,p2@SERPINA10,51156,15996,Q9UK55,SERPINA10,"serpin family A member 10","gene with protein product"
1269,T015136,t041700,6.0000,0.00298804780876,p18@SERPING1,710,1228,,SERPING1,"serpin family G member 1","gene with protein product"
1270,T008308,t041700,6.0000,0.00298804780876,p4@RBP4,5950,9922,,RBP4,"retinol binding protein 4","gene with protein product"
1271,T041700,t081542,6.0000,0.00298804780876,p2@SERPINA10,51156,15996,Q9UK55,SERPINA10,"serpin family A member 10","gene with protein product"
1272,T014401,t041700,6.0000,0.00298804780876,p3@SLC35C1,55343,20197,Q96K20,SLC35C1,"solute carrier family 35 member C1","gene with protein product"
1273,T041700,t084773,6.0000,0.00298656047785,p2@SERPINA10,51156,15996,Q9UK55,SERPINA10,"serpin family A member 10","gene with protein product"
1274,T041700,t125690,6.0000,0.00298656047785,p2@SERPINA10,51156,15996,Q9UK55,SERPINA10,"serpin family A member 10","gene with protein product"
1275,T041700,t162696,6.0000,0.00298656047785,p2@SERPINA10,51156,15996,Q9UK55,SERPINA10,"serpin family A member 10","gene with protein product"
1276,T041700,t190931,6.0000,0.00298656047785,p2@SERPINA10,51156,15996,Q9UK55,SERPINA10,"serpin family A member 10","gene with protein product"
1277,T041700,t148680,6.0000,0.00298656047785,p2@SERPINA10,51156,15996,Q9UK55,SERPINA10,"serpin family A member 10","gene with protein product"
1278,T027609,t041700,6.0000,0.00298656047785,p2@AVIL,10677,14188,F8VVU1,AVIL,advillin,"gene with protein product"
1279,T041700,t084770,6.0000,0.00298656047785,p2@SERPINA10,51156,15996,Q9UK55,SERPINA10,"serpin family A member 10","gene with protein product"
1280,T041700,t071792,6.0000,0.00298656047785,p2@SERPINA10,51156,15996,Q9UK55,SERPINA10,"serpin family A member 10","gene with protein product"
1281,T041700,t187331,6.0000,0.00298656047785,p2@SERPINA10,51156,15996,Q9UK55,SERPINA10,"serpin family A member 10","gene with protein product"
1282,T041700,t162693,6.0000,0.00298656047785,p2@SERPINA10,51156,15996,Q9UK55,SERPINA10,"serpin family A member 10","gene with protein product"
1283,T041700,t172475,6.0000,0.00298656047785,p2@SERPINA10,51156,15996,Q9UK55,SERPINA10,"serpin family A member 10","gene with protein product"
1284,T041700,t130188,6.0000,0.00298507462687,p2@SERPINA10,51156,15996,Q9UK55,SERPINA10,"serpin family A member 10","gene with protein product"
1285,T041700,t132637,6.0000,0.00298507462687,p2@SERPINA10,51156,15996,Q9UK55,SERPINA10,"serpin family A member 10","gene with protein product"
1286,T041700,t083926,6.0000,0.00298507462687,p2@SERPINA10,51156,15996,Q9UK55,SERPINA10,"serpin family A member 10","gene with protein product"
1287,T041700,t142597,6.0000,0.00298507462687,p2@SERPINA10,51156,15996,Q9UK55,SERPINA10,"serpin family A member 10","gene with protein product"
1288,T041700,t178899,6.0000,0.00298507462687,p2@SERPINA10,51156,15996,Q9UK55,SERPINA10,"serpin family A member 10","gene with protein product"
1289,T041700,t128532,6.0000,0.00298507462687,p2@SERPINA10,51156,15996,Q9UK55,SERPINA10,"serpin family A member 10","gene with protein product"
1290,T041700,t128345,6.0000,0.00298507462687,p2@SERPINA10,51156,15996,Q9UK55,SERPINA10,"serpin family A member 10","gene with protein product"
1291,T041700,t052232,6.0000,0.00298359025361,p2@SERPINA10,51156,15996,Q9UK55,SERPINA10,"serpin family A member 10","gene with protein product"
1292,T041700,t075429,6.0000,0.00298359025361,p2@SERPINA10,51156,15996,Q9UK55,SERPINA10,"serpin family A member 10","gene with protein product"
1293,T041700,t188756,6.0000,0.00298359025361,p2@SERPINA10,51156,15996,Q9UK55,SERPINA10,"serpin family A member 10","gene with protein product"
1294,T041700,t145308,6.0000,0.00298359025361,p2@SERPINA10,51156,15996,Q9UK55,SERPINA10,"serpin family A member 10","gene with protein product"
1295,T023856,t041700,6.0000,0.00298359025361,p1@SLCO1B3,28234,10961,"Q9NPD5,F5H8K0",SLCO1B3,"solute carrier organic anion transporter family member 1B3","gene with protein product"
1296,T041700,t186234,6.0000,0.00298210735586,p2@SERPINA10,51156,15996,Q9UK55,SERPINA10,"serpin family A member 10","gene with protein product"
1297,T041700,t087564,6.0000,0.00298210735586,p2@SERPINA10,51156,15996,Q9UK55,SERPINA10,"serpin family A member 10","gene with protein product"
1298,T041700,t153714,6.0000,0.00298062593145,p2@SERPINA10,51156,15996,Q9UK55,SERPINA10,"serpin family A member 10","gene with protein product"
1299,T041700,t060030,6.0000,0.00298062593145,p2@SERPINA10,51156,15996,Q9UK55,SERPINA10,"serpin family A member 10","gene with protein product"
1300,T041700,t145318,6.0000,0.00298062593145,p2@SERPINA10,51156,15996,Q9UK55,SERPINA10,"serpin family A member 10","gene with protein product"
1301,T015068,t041700,6.0000,0.00298062593145,p23@SLC43A3,29015,17466,,SLC43A3,"solute carrier family 43 member 3","gene with protein product"
1302,T025702,t041700,6.0000,0.0029776674938,p57@TMBIM6,7009,11723,,TMBIM6,"transmembrane BAX inhibitor motif containing 6","gene with protein product"
1303,T041700,t045580,6.0000,0.00297619047619,p2@SERPINA10,51156,15996,Q9UK55,SERPINA10,"serpin family A member 10","gene with protein product"
1304,T041700,t146631,4.0000,0.00199302441455,p2@SERPINA10,51156,15996,Q9UK55,SERPINA10,"serpin family A member 10","gene with protein product"
1305,T015084,t041700,4.0000,0.00199302441455,p3@SLC43A3,29015,17466,E9PLW1,SLC43A3,"solute carrier family 43 member 3","gene with protein product"
1306,T041700,t085980,4.0000,0.00199203187251,p2@SERPINA10,51156,15996,Q9UK55,SERPINA10,"serpin family A member 10","gene with protein product"
1307,T041700,t195160,4.0000,0.00199104031857,p2@SERPINA10,51156,15996,Q9UK55,SERPINA10,"serpin family A member 10","gene with protein product"
1308,T040082,t041700,4.0000,0.00199104031857,p1@SLC10A1,6554,10905,"Q14973,B2RA41",SLC10A1,"solute carrier family 10 member 1","gene with protein product"
1309,T041700,t161546,4.0000,0.0019870839543,p2@SERPINA10,51156,15996,Q9UK55,SERPINA10,"serpin family A member 10","gene with protein product"
1310,T041700,t044521,4.0000,0.0019870839543,p2@SERPINA10,51156,15996,Q9UK55,SERPINA10,"serpin family A member 10","gene with protein product"
1311,T008307,t041700,4.0000,0.00198609731877,p6@RBP4,5950,9922,,RBP4,"retinol binding protein 4","gene with protein product"
1312,T041697,t041700,3.0000,0.0014985014985,p6@SERPINA10,51156,15996,G3V2W1,SERPINA10,"serpin family A member 10","gene with protein product"
1313,T041700,t177006,3.0000,0.00149775336995,p2@SERPINA10,51156,15996,Q9UK55,SERPINA10,"serpin family A member 10","gene with protein product"
1314,T041700,t064900,3.0000,0.00149775336995,p2@SERPINA10,51156,15996,Q9UK55,SERPINA10,"serpin family A member 10","gene with protein product"
1315,T041700,t102686,3.0000,0.00149775336995,p2@SERPINA10,51156,15996,Q9UK55,SERPINA10,"serpin family A member 10","gene with protein product"
1316,T041700,t161545,3.0000,0.00149775336995,p2@SERPINA10,51156,15996,Q9UK55,SERPINA10,"serpin family A member 10","gene with protein product"
1317,T041700,t052350,3.0000,0.00149775336995,p2@SERPINA10,51156,15996,Q9UK55,SERPINA10,"serpin family A member 10","gene with protein product"
1318,T040081,t041700,3.0000,0.00149775336995,p3@SLC10A1,6554,10905,"Q14973,B2RA41",SLC10A1,"solute carrier family 10 member 1","gene with protein product"
1319,T041700,t100966,3.0000,0.00149700598802,p2@SERPINA10,51156,15996,Q9UK55,SERPINA10,"serpin family A member 10","gene with protein product"
1320,T041700,t050198,3.0000,0.00149700598802,p2@SERPINA10,51156,15996,Q9UK55,SERPINA10,"serpin family A member 10","gene with protein product"
1321,T041700,t057240,3.0000,0.00149700598802,p2@SERPINA10,51156,15996,Q9UK55,SERPINA10,"serpin family A member 10","gene with protein product"
1322,T041700,t198783,3.0000,0.00149700598802,p2@SERPINA10,51156,15996,Q9UK55,SERPINA10,"serpin family A member 10","gene with protein product"
1323,T041700,t116672,3.0000,0.00149700598802,p2@SERPINA10,51156,15996,Q9UK55,SERPINA10,"serpin family A member 10","gene with protein product"
1324,T041700,t118068,3.0000,0.00149700598802,p2@SERPINA10,51156,15996,Q9UK55,SERPINA10,"serpin family A member 10","gene with protein product"
1325,T041700,t108490,3.0000,0.00149625935162,p2@SERPINA10,51156,15996,Q9UK55,SERPINA10,"serpin family A member 10","gene with protein product"
1326,T008310,t041700,3.0000,0.00149625935162,p8@RBP4,5950,9922,,RBP4,"retinol binding protein 4","gene with protein product"
1327,T014404,t041700,3.0000,0.00149625935162,p11@SLC35C1,55343,20197,Q96K20,SLC35C1,"solute carrier family 35 member C1","gene with protein product"
1328,T025703,t041700,3.0000,0.00149625935162,p7@TMBIM6,7009,11723,,TMBIM6,"transmembrane BAX inhibitor motif containing 6","gene with protein product"
1329,T041700,t097559,3.0000,0.00149625935162,p2@SERPINA10,51156,15996,Q9UK55,SERPINA10,"serpin family A member 10","gene with protein product"
1330,T041700,t127980,3.0000,0.00149625935162,p2@SERPINA10,51156,15996,Q9UK55,SERPINA10,"serpin family A member 10","gene with protein product"
1331,T041700,t128988,3.0000,0.00149625935162,p2@SERPINA10,51156,15996,Q9UK55,SERPINA10,"serpin family A member 10","gene with protein product"
1332,T041700,t146630,3.0000,0.00149625935162,p2@SERPINA10,51156,15996,Q9UK55,SERPINA10,"serpin family A member 10","gene with protein product"
1333,T041700,t145370,3.0000,0.00149625935162,p2@SERPINA10,51156,15996,Q9UK55,SERPINA10,"serpin family A member 10","gene with protein product"
1334,T041700,t153993,3.0000,0.00149625935162,p2@SERPINA10,51156,15996,Q9UK55,SERPINA10,"serpin family A member 10","gene with protein product"
1335,T041700,t164096,3.0000,0.00149625935162,p2@SERPINA10,51156,15996,Q9UK55,SERPINA10,"serpin family A member 10","gene with protein product"
1336,T041700,t049638,3.0000,0.00149625935162,p2@SERPINA10,51156,15996,Q9UK55,SERPINA10,"serpin family A member 10","gene with protein product"
1337,T041700,t100955,3.0000,0.00149625935162,p2@SERPINA10,51156,15996,Q9UK55,SERPINA10,"serpin family A member 10","gene with protein product"
1338,T041700,t075430,3.0000,0.00149551345962,p2@SERPINA10,51156,15996,Q9UK55,SERPINA10,"serpin family A member 10","gene with protein product"
1339,T041700,t118093,3.0000,0.00149551345962,p2@SERPINA10,51156,15996,Q9UK55,SERPINA10,"serpin family A member 10","gene with protein product"
1340,T015126,t041700,3.0000,0.00149551345962,p11@SERPING1,710,1228,P05155,SERPING1,"serpin family G member 1","gene with protein product"
1341,T041700,t174753,3.0000,0.00149551345962,p2@SERPINA10,51156,15996,Q9UK55,SERPINA10,"serpin family A member 10","gene with protein product"
1342,T041700,t075436,3.0000,0.00149551345962,p2@SERPINA10,51156,15996,Q9UK55,SERPINA10,"serpin family A member 10","gene with protein product"
1343,T007414,t041700,3.0000,0.00149551345962,p5@MBL1P,"100288974,8512",6921,,MBL1P,"mannose binding lectin 1, pseudogene",pseudogene
1344,T041700,t083929,3.0000,0.00149551345962,p2@SERPINA10,51156,15996,Q9UK55,SERPINA10,"serpin family A member 10","gene with protein product"
1345,T041700,t132636,3.0000,0.00149551345962,p2@SERPINA10,51156,15996,Q9UK55,SERPINA10,"serpin family A member 10","gene with protein product"
1346,T041700,t130191,3.0000,0.00149551345962,p2@SERPINA10,51156,15996,Q9UK55,SERPINA10,"serpin family A member 10","gene with protein product"
1347,T041700,t052343,3.0000,0.00149551345962,p2@SERPINA10,51156,15996,Q9UK55,SERPINA10,"serpin family A member 10","gene with protein product"
1348,T041700,t069377,3.0000,0.00149551345962,p2@SERPINA10,51156,15996,Q9UK55,SERPINA10,"serpin family A member 10","gene with protein product"
1349,T016487,t041700,3.0000,0.00149551345962,p13@SMPD1,6609,11120,P17405,SMPD1,"sphingomyelin phosphodiesterase 1","gene with protein product"
1350,T041700,t193362,3.0000,0.00149551345962,p2@SERPINA10,51156,15996,Q9UK55,SERPINA10,"serpin family A member 10","gene with protein product"
1351,T041700,t117603,3.0000,0.00149551345962,p2@SERPINA10,51156,15996,Q9UK55,SERPINA10,"serpin family A member 10","gene with protein product"
1352,T041700,t153622,3.0000,0.00149551345962,p2@SERPINA10,51156,15996,Q9UK55,SERPINA10,"serpin family A member 10","gene with protein product"
1353,T041700,t177005,3.0000,0.00149551345962,p2@SERPINA10,51156,15996,Q9UK55,SERPINA10,"serpin family A member 10","gene with protein product"
1354,T041700,t123011,3.0000,0.00149476831091,p2@SERPINA10,51156,15996,Q9UK55,SERPINA10,"serpin family A member 10","gene with protein product"
1355,T041700,t088248,3.0000,0.00149476831091,p2@SERPINA10,51156,15996,Q9UK55,SERPINA10,"serpin family A member 10","gene with protein product"
1356,T041700,t159016,3.0000,0.00149476831091,p2@SERPINA10,51156,15996,Q9UK55,SERPINA10,"serpin family A member 10","gene with protein product"
1357,T041700,t141762,3.0000,0.00149476831091,p2@SERPINA10,51156,15996,Q9UK55,SERPINA10,"serpin family A member 10","gene with protein product"
1358,T041700,t128553,3.0000,0.00149476831091,p2@SERPINA10,51156,15996,Q9UK55,SERPINA10,"serpin family A member 10","gene with protein product"
1359,T041700,t076972,3.0000,0.00149476831091,p2@SERPINA10,51156,15996,Q9UK55,SERPINA10,"serpin family A member 10","gene with protein product"
1360,T041700,t077119,3.0000,0.00149476831091,p2@SERPINA10,51156,15996,Q9UK55,SERPINA10,"serpin family A member 10","gene with protein product"
1361,T041700,t127608,3.0000,0.00149476831091,p2@SERPINA10,51156,15996,Q9UK55,SERPINA10,"serpin family A member 10","gene with protein product"
1362,T041700,t178900,3.0000,0.00149476831091,p2@SERPINA10,51156,15996,Q9UK55,SERPINA10,"serpin family A member 10","gene with protein product"
1363,T041700,t079005,3.0000,0.00149476831091,p2@SERPINA10,51156,15996,Q9UK55,SERPINA10,"serpin family A member 10","gene with protein product"
1364,T041700,t069364,3.0000,0.00149476831091,p2@SERPINA10,51156,15996,Q9UK55,SERPINA10,"serpin family A member 10","gene with protein product"
1365,T041700,t061679,3.0000,0.00149476831091,p2@SERPINA10,51156,15996,Q9UK55,SERPINA10,"serpin family A member 10","gene with protein product"
1366,T041700,t147107,3.0000,0.00149476831091,p2@SERPINA10,51156,15996,Q9UK55,SERPINA10,"serpin family A member 10","gene with protein product"
1367,T041700,t095041,3.0000,0.00149476831091,p2@SERPINA10,51156,15996,Q9UK55,SERPINA10,"serpin family A member 10","gene with protein product"
1368,T041700,t098233,3.0000,0.00149476831091,p2@SERPINA10,51156,15996,Q9UK55,SERPINA10,"serpin family A member 10","gene with protein product"
1369,T041700,t173132,3.0000,0.00149476831091,p2@SERPINA10,51156,15996,Q9UK55,SERPINA10,"serpin family A member 10","gene with protein product"
1370,T041700,t074450,3.0000,0.00149476831091,p2@SERPINA10,51156,15996,Q9UK55,SERPINA10,"serpin family A member 10","gene with protein product"
1371,T027336,t041700,3.0000,0.00149476831091,p2@SHMT2,6472,10852,"G3V3Y8,G3V2W0",SHMT2,"serine hydroxymethyltransferase 2","gene with protein product"
1372,T041700,t103592,3.0000,0.00149476831091,p2@SERPINA10,51156,15996,Q9UK55,SERPINA10,"serpin family A member 10","gene with protein product"
1373,T041700,t198782,3.0000,0.00149402390438,p2@SERPINA10,51156,15996,Q9UK55,SERPINA10,"serpin family A member 10","gene with protein product"
1374,T041700,t041789,3.0000,0.00149402390438,p2@SERPINA10,51156,15996,Q9UK55,SERPINA10,"serpin family A member 10","gene with protein product"
1375,T041700,t041797,3.0000,0.00149402390438,p2@SERPINA10,51156,15996,Q9UK55,SERPINA10,"serpin family A member 10","gene with protein product"
1376,T041700,t121033,3.0000,0.00149402390438,p2@SERPINA10,51156,15996,Q9UK55,SERPINA10,"serpin family A member 10","gene with protein product"
1377,T041700,t055194,3.0000,0.00149402390438,p2@SERPINA10,51156,15996,Q9UK55,SERPINA10,"serpin family A member 10","gene with protein product"
1378,T013443,t041700,3.0000,0.00149402390438,p2@DCDC5,100506627,24799,"Q6ZRR9,B6ZDN3",DCDC5,"doublecortin domain containing 5","gene with protein product"
1379,T041700,t150278,3.0000,0.00149402390438,p2@SERPINA10,51156,15996,Q9UK55,SERPINA10,"serpin family A member 10","gene with protein product"
1380,T041700,t089970,3.0000,0.00149402390438,p2@SERPINA10,51156,15996,Q9UK55,SERPINA10,"serpin family A member 10","gene with protein product"
1381,T041700,t051135,3.0000,0.00149402390438,p2@SERPINA10,51156,15996,Q9UK55,SERPINA10,"serpin family A member 10","gene with protein product"
1382,T041700,t141586,3.0000,0.00149402390438,p2@SERPINA10,51156,15996,Q9UK55,SERPINA10,"serpin family A member 10","gene with protein product"
1383,T041700,t089338,3.0000,0.00149402390438,p2@SERPINA10,51156,15996,Q9UK55,SERPINA10,"serpin family A member 10","gene with protein product"
1384,T041700,t138226,3.0000,0.00149402390438,p2@SERPINA10,51156,15996,Q9UK55,SERPINA10,"serpin family A member 10","gene with protein product"
1385,T002730,t041700,3.0000,0.00149402390438,p4@C10orf125,282969,24733,,FUOM,"fucose mutarotase","gene with protein product"
1386,T041700,t188084,3.0000,0.00149402390438,p2@SERPINA10,51156,15996,Q9UK55,SERPINA10,"serpin family A member 10","gene with protein product"
1387,T041700,t193363,3.0000,0.00149402390438,p2@SERPINA10,51156,15996,Q9UK55,SERPINA10,"serpin family A member 10","gene with protein product"
1388,T041700,t082255,3.0000,0.00149402390438,p2@SERPINA10,51156,15996,Q9UK55,SERPINA10,"serpin family A member 10","gene with protein product"
1389,T005124,t041700,3.0000,0.00149402390438,p6@AKR1C3,8644,386,P42330,AKR1C3,"aldo-keto reductase family 1 member C3","gene with protein product"
1390,T022210,t041700,3.0000,0.00149402390438,p1@HPD,3242,5147,P32754,HPD,"4-hydroxyphenylpyruvate dioxygenase","gene with protein product"
1391,T007461,t041700,3.0000,0.00149402390438,p4@MAT1A,4143,6903,Q00266,MAT1A,"methionine adenosyltransferase 1A","gene with protein product"
1392,T041700,t078722,3.0000,0.00149402390438,p2@SERPINA10,51156,15996,Q9UK55,SERPINA10,"serpin family A member 10","gene with protein product"
1393,T016151,t041700,3.0000,0.00149402390438,p4@SLC22A10,387775,18057,"Q63ZE4,Q68CJ0",SLC22A10,"solute carrier family 22 member 10","gene with protein product"
1394,T025985,t041700,3.0000,0.00149402390438,p8@SCN8A,6334,10596,Q9UQD0,SCN8A,"sodium voltage-gated channel alpha subunit 8","gene with protein product"
1395,T041700,t106640,3.0000,0.00149402390438,p2@SERPINA10,51156,15996,Q9UK55,SERPINA10,"serpin family A member 10","gene with protein product"
1396,T013449,t041700,3.0000,0.00149402390438,p8@IFITM1,8519,5412,,IFITM1,"interferon induced transmembrane protein 1","gene with protein product"
1397,T041700,t046637,3.0000,0.00149402390438,p2@SERPINA10,51156,15996,Q9UK55,SERPINA10,"serpin family A member 10","gene with protein product"
1398,T041700,t145372,3.0000,0.00149402390438,p2@SERPINA10,51156,15996,Q9UK55,SERPINA10,"serpin family A member 10","gene with protein product"
1399,T041700,t153685,3.0000,0.00149402390438,p2@SERPINA10,51156,15996,Q9UK55,SERPINA10,"serpin family A member 10","gene with protein product"
1400,T041700,t125238,3.0000,0.00149402390438,p2@SERPINA10,51156,15996,Q9UK55,SERPINA10,"serpin family A member 10","gene with protein product"
1401,T010048,t041700,3.0000,0.00149402390438,p2@APOA5,116519,17288,Q6Q788,APOA5,"apolipoprotein A5","gene with protein product"
1402,T041700,t156007,3.0000,0.00149402390438,p2@SERPINA10,51156,15996,Q9UK55,SERPINA10,"serpin family A member 10","gene with protein product"
1403,T041700,t121030,3.0000,0.00149328023892,p2@SERPINA10,51156,15996,Q9UK55,SERPINA10,"serpin family A member 10","gene with protein product"
1404,T041700,t173119,3.0000,0.00149328023892,p2@SERPINA10,51156,15996,Q9UK55,SERPINA10,"serpin family A member 10","gene with protein product"
1405,T041700,t187577,3.0000,0.00149328023892,p2@SERPINA10,51156,15996,Q9UK55,SERPINA10,"serpin family A member 10","gene with protein product"
1406,T000094,t041700,3.0000,0.00149328023892,p2@ERLIN1,10613,16947,"D3DR65,O75477",ERLIN1,"ER lipid raft associated 1","gene with protein product"
1407,T041700,t078387,3.0000,0.00149328023892,p2@SERPINA10,51156,15996,Q9UK55,SERPINA10,"serpin family A member 10","gene with protein product"
1408,T041700,t117517,3.0000,0.00149328023892,p2@SERPINA10,51156,15996,Q9UK55,SERPINA10,"serpin family A member 10","gene with protein product"
1409,T000032,t041700,3.0000,0.00149328023892,p1@GOT1,2805,4432,B7Z1I2,GOT1,"glutamic-oxaloacetic transaminase 1","gene with protein product"
1410,T008304,t041700,3.0000,0.00149328023892,p3@RBP4,5950,9922,,RBP4,"retinol binding protein 4","gene with protein product"
1411,T041700,t093735,3.0000,0.00149328023892,p2@SERPINA10,51156,15996,Q9UK55,SERPINA10,"serpin family A member 10","gene with protein product"
1412,T041700,t091717,3.0000,0.00149328023892,p2@SERPINA10,51156,15996,Q9UK55,SERPINA10,"serpin family A member 10","gene with protein product"
1413,T041700,t066583,3.0000,0.00149328023892,p2@SERPINA10,51156,15996,Q9UK55,SERPINA10,"serpin family A member 10","gene with protein product"
1414,T004949,t041700,3.0000,0.00149328023892,p3@GDF2,2658,4217,Q9UK05,GDF2,"growth differentiation factor 2","gene with protein product"
1415,T041700,t075433,3.0000,0.00149328023892,p2@SERPINA10,51156,15996,Q9UK55,SERPINA10,"serpin family A member 10","gene with protein product"
1416,T041700,t154163,3.0000,0.00149328023892,p2@SERPINA10,51156,15996,Q9UK55,SERPINA10,"serpin family A member 10","gene with protein product"
1417,T041700,t130492,3.0000,0.00149328023892,p2@SERPINA10,51156,15996,Q9UK55,SERPINA10,"serpin family A member 10","gene with protein product"
1418,T041700,t120407,3.0000,0.00149328023892,p2@SERPINA10,51156,15996,Q9UK55,SERPINA10,"serpin family A member 10","gene with protein product"
1419,T041700,t132389,3.0000,0.00149328023892,p2@SERPINA10,51156,15996,Q9UK55,SERPINA10,"serpin family A member 10","gene with protein product"
1420,T041700,t084772,3.0000,0.00149328023892,p2@SERPINA10,51156,15996,Q9UK55,SERPINA10,"serpin family A member 10","gene with protein product"
1421,T041700,t191438,3.0000,0.00149328023892,p2@SERPINA10,51156,15996,Q9UK55,SERPINA10,"serpin family A member 10","gene with protein product"
1422,T041700,t066242,3.0000,0.00149328023892,p2@SERPINA10,51156,15996,Q9UK55,SERPINA10,"serpin family A member 10","gene with protein product"
1423,T041700,t132657,3.0000,0.00149253731343,p2@SERPINA10,51156,15996,Q9UK55,SERPINA10,"serpin family A member 10","gene with protein product"
1424,T041700,t123593,3.0000,0.00149253731343,p2@SERPINA10,51156,15996,Q9UK55,SERPINA10,"serpin family A member 10","gene with protein product"
1425,T041700,t109351,3.0000,0.00149253731343,p2@SERPINA10,51156,15996,Q9UK55,SERPINA10,"serpin family A member 10","gene with protein product"
1426,T001787,t041700,3.0000,0.00149253731343,p3@SEC61A2,55176,17702,,SEC61A2,"Sec61 translocon alpha 2 subunit","gene with protein product"
1427,T041700,t190202,3.0000,0.00149253731343,p2@SERPINA10,51156,15996,Q9UK55,SERPINA10,"serpin family A member 10","gene with protein product"
1428,T013346,t041700,3.0000,0.00149253731343,p7@SLC22A18,5002,10964,Q96BI1,SLC22A18,"solute carrier family 22 member 18","gene with protein product"
1429,T038340,t041700,3.0000,0.00149253731343,p3@KLHDC2,23588,20231,G3V2H2,KLHDC2,"kelch domain containing 2","gene with protein product"
1430,T041700,t123595,3.0000,0.00149253731343,p2@SERPINA10,51156,15996,Q9UK55,SERPINA10,"serpin family A member 10","gene with protein product"
1431,T041700,t046466,3.0000,0.00149253731343,p2@SERPINA10,51156,15996,Q9UK55,SERPINA10,"serpin family A member 10","gene with protein product"
1432,T005201,t041700,3.0000,0.00149253731343,p1@AKR1C4,1109,387,"P17516,E9PBP5",AKR1C4,"aldo-keto reductase family 1 member C4","gene with protein product"
1433,T041700,t142617,3.0000,0.00149253731343,p2@SERPINA10,51156,15996,Q9UK55,SERPINA10,"serpin family A member 10","gene with protein product"
1434,T041700,t105652,3.0000,0.00149253731343,p2@SERPINA10,51156,15996,Q9UK55,SERPINA10,"serpin family A member 10","gene with protein product"
1435,T041700,t087071,3.0000,0.00149253731343,p2@SERPINA10,51156,15996,Q9UK55,SERPINA10,"serpin family A member 10","gene with protein product"
1436,T041700,t164289,3.0000,0.00149253731343,p2@SERPINA10,51156,15996,Q9UK55,SERPINA10,"serpin family A member 10","gene with protein product"
1437,T041700,t125239,3.0000,0.00149253731343,p2@SERPINA10,51156,15996,Q9UK55,SERPINA10,"serpin family A member 10","gene with protein product"
1438,T008382,t041700,3.0000,0.00149253731343,p2@CYP2C9,1559,2623,,CYP2C9,"cytochrome P450 family 2 subfamily C member 9","gene with protein product"
1439,T041700,t161544,3.0000,0.00149253731343,p2@SERPINA10,51156,15996,Q9UK55,SERPINA10,"serpin family A member 10","gene with protein product"
1440,T041700,t110759,3.0000,0.00149253731343,p2@SERPINA10,51156,15996,Q9UK55,SERPINA10,"serpin family A member 10","gene with protein product"
1441,T000547,t041700,3.0000,0.00149253731343,p1@C10orf32,119032,23516,Q96B45,BORCS7,"BLOC-1 related complex subunit 7","gene with protein product"
1442,T041700,t190223,3.0000,0.0014917951268,p2@SERPINA10,51156,15996,Q9UK55,SERPINA10,"serpin family A member 10","gene with protein product"
1443,T041700,t070976,3.0000,0.0014917951268,p2@SERPINA10,51156,15996,Q9UK55,SERPINA10,"serpin family A member 10","gene with protein product"
1444,T020211,t041700,3.0000,0.0014917951268,p5@PAH,5053,8582,,PAH,"phenylalanine hydroxylase","gene with protein product"
1445,T040080,t041700,3.0000,0.0014917951268,p4@SLC10A1,6554,10905,,SLC10A1,"solute carrier family 10 member 1","gene with protein product"
1446,T041700,t183200,3.0000,0.0014917951268,p2@SERPINA10,51156,15996,Q9UK55,SERPINA10,"serpin family A member 10","gene with protein product"
1447,T041700,t106055,3.0000,0.0014917951268,p2@SERPINA10,51156,15996,Q9UK55,SERPINA10,"serpin family A member 10","gene with protein product"
1448,T039517,t041700,3.0000,0.0014917951268,p3@MTHFD1,4522,7432,G3V3L6,MTHFD1,"methylenetetrahydrofolate dehydrogenase, cyclohydrolase and formyltetrahydrofolate synthetase 1","gene with protein product"
1449,T021234,t041700,3.0000,0.0014917951268,p3@DTX1,1840,3060,,DTX1,"deltex E3 ubiquitin ligase 1","gene with protein product"
1450,T041700,t100965,3.0000,0.0014917951268,p2@SERPINA10,51156,15996,Q9UK55,SERPINA10,"serpin family A member 10","gene with protein product"
1451,T041700,t200066,3.0000,0.0014917951268,p2@SERPINA10,51156,15996,Q9UK55,SERPINA10,"serpin family A member 10","gene with protein product"
1452,T041700,t118095,3.0000,0.0014917951268,p2@SERPINA10,51156,15996,Q9UK55,SERPINA10,"serpin family A member 10","gene with protein product"
1453,T041700,t069365,3.0000,0.0014917951268,p2@SERPINA10,51156,15996,Q9UK55,SERPINA10,"serpin family A member 10","gene with protein product"
1454,T041700,t182709,3.0000,0.0014917951268,p2@SERPINA10,51156,15996,Q9UK55,SERPINA10,"serpin family A member 10","gene with protein product"
1455,T041700,t199455,3.0000,0.0014917951268,p2@SERPINA10,51156,15996,Q9UK55,SERPINA10,"serpin family A member 10","gene with protein product"
1456,T013634,t041700,3.0000,0.00149105367793,p4@HIPK3,10114,4915,E9PKD7,HIPK3,"homeodomain interacting protein kinase 3","gene with protein product"
1457,T041700,t090918,3.0000,0.00149105367793,p2@SERPINA10,51156,15996,Q9UK55,SERPINA10,"serpin family A member 10","gene with protein product"
1458,T041700,t200865,3.0000,0.00149105367793,p2@SERPINA10,51156,15996,Q9UK55,SERPINA10,"serpin family A member 10","gene with protein product"
1459,T041700,t144883,3.0000,0.00149105367793,p2@SERPINA10,51156,15996,Q9UK55,SERPINA10,"serpin family A member 10","gene with protein product"
1460,T041700,t043356,3.0000,0.00149105367793,p2@SERPINA10,51156,15996,Q9UK55,SERPINA10,"serpin family A member 10","gene with protein product"
1461,T041700,t172496,3.0000,0.00149105367793,p2@SERPINA10,51156,15996,Q9UK55,SERPINA10,"serpin family A member 10","gene with protein product"
1462,T041700,t099049,3.0000,0.00149105367793,p2@SERPINA10,51156,15996,Q9UK55,SERPINA10,"serpin family A member 10","gene with protein product"
1463,T041700,t126263,3.0000,0.00149105367793,p2@SERPINA10,51156,15996,Q9UK55,SERPINA10,"serpin family A member 10","gene with protein product"
1464,T041700,t131652,3.0000,0.00149031296572,p2@SERPINA10,51156,15996,Q9UK55,SERPINA10,"serpin family A member 10","gene with protein product"
1465,T041700,t085532,3.0000,0.00149031296572,p2@SERPINA10,51156,15996,Q9UK55,SERPINA10,"serpin family A member 10","gene with protein product"
1466,T041700,t134815,3.0000,0.00149031296572,p2@SERPINA10,51156,15996,Q9UK55,SERPINA10,"serpin family A member 10","gene with protein product"
1467,T041700,t171477,3.0000,0.00149031296572,p2@SERPINA10,51156,15996,Q9UK55,SERPINA10,"serpin family A member 10","gene with protein product"
1468,T041700,t069383,3.0000,0.00149031296572,p2@SERPINA10,51156,15996,Q9UK55,SERPINA10,"serpin family A member 10","gene with protein product"
1469,T041700,t070903,3.0000,0.00148957298908,p2@SERPINA10,51156,15996,Q9UK55,SERPINA10,"serpin family A member 10","gene with protein product"
1470,T041700,t197197,3.0000,0.00148957298908,p2@SERPINA10,51156,15996,Q9UK55,SERPINA10,"serpin family A member 10","gene with protein product"
1471,T002731,t041700,3.0000,0.00148957298908,p3@C10orf125,282969,24733,,FUOM,"fucose mutarotase","gene with protein product"
1472,T041700,t120673,3.0000,0.00148957298908,p2@SERPINA10,51156,15996,Q9UK55,SERPINA10,"serpin family A member 10","gene with protein product"
1473,T025287,t041700,3.0000,0.00148957298908,p1@SLC38A4,55089,14679,Q969I6,SLC38A4,"solute carrier family 38 member 4","gene with protein product"
1474,T041700,t175824,3.0000,0.00148957298908,p2@SERPINA10,51156,15996,Q9UK55,SERPINA10,"serpin family A member 10","gene with protein product"
1475,T041700,t107159,3.0000,0.0014888337469,p2@SERPINA10,51156,15996,Q9UK55,SERPINA10,"serpin family A member 10","gene with protein product"
1476,T019956,t041700,3.0000,0.0014888337469,p6@NR1H4,9971,7967,"Q96RI1,F8VYG8",NR1H4,"nuclear receptor subfamily 1 group H member 4","gene with protein product"
1477,T041700,t128780,3.0000,0.0014880952381,p2@SERPINA10,51156,15996,Q9UK55,SERPINA10,"serpin family A member 10","gene with protein product"
1478,T041700,t100964,3.0000,0.00148735746158,p2@SERPINA10,51156,15996,Q9UK55,SERPINA10,"serpin family A member 10","gene with protein product"
1479,T041700,t134816,3.0000,0.00148735746158,p2@SERPINA10,51156,15996,Q9UK55,SERPINA10,"serpin family A member 10","gene with protein product"
1480,T041700,t095758,3.0000,0.00148662041625,p2@SERPINA10,51156,15996,Q9UK55,SERPINA10,"serpin family A member 10","gene with protein product"
